Unnamed: 0,id,name,symbol,slug,num_market_pairs,date_added,tags,max_supply,circulating_supply,total_supply,infinite_supply,platform,cmc_rank,self_reported_circulating_supply,self_reported_market_cap,tvl_ratio,last_updated,quote.USD.price,quote.USD.volume_24h,quote.USD.volume_change_24h,quote.USD.percent_change_1h,quote.USD.percent_change_24h,quote.USD.percent_change_7d,quote.USD.percent_change_30d,quote.USD.percent_change_60d,quote.USD.percent_change_90d,quote.USD.market_cap,quote.USD.market_cap_dominance,quote.USD.fully_diluted_market_cap,quote.USD.tvl,quote.USD.last_updated,platform.id,platform.name,platform.symbol,platform.slug,platform.token_address,timestamp
0,1,Bitcoin,BTC,bitcoin,12290,2010-07-13T00:00:00.000Z,"['mineable', 'pow', 'sha-256', 'store-of-value', 'state-channel', 'coinbase-ventures-portfolio', 'three-arrows-capital-portfolio', 'polychain-capital-portfolio', 'binance-labs-portfolio', 'blockchain-capital-portfolio', 'boostvc-portfolio', 'cms-holdings-portfolio', 'dcg-portfolio', 'dragonfly-capital-portfolio', 'electric-capital-portfolio', 'fabric-ventures-portfolio', 'framework-ventures-portfolio', 'galaxy-digital-portfolio', 'huobi-capital-portfolio', 'alameda-research-portfolio', 'a16z-portfolio', '1confirmation-portfolio', 'winklevoss-capital-portfolio', 'usv-portfolio', 'placeholder-ventures-portfolio', 'pantera-capital-portfolio', 'multicoin-capital-portfolio', 'paradigm-portfolio', 'bitcoin-ecosystem', 'layer-1', 'ftx-bankruptcy-estate', '2017-2018-alt-season', 'us-strategic-crypto-reserve', 'binance-ecosystem', 'binance-listing']",21000000.0,19911262.0,19911262.0,False,Data inaccessible by API,1.0,Data inaccessible by API,Data inaccessible by API,Data inaccessible by API,2025-08-25T10:15:00.000Z,111640.11198661702,80818375709.25311,53.1833,0.25098129,-2.74957511,-3.11980692,-5.11993984,3.939071,1.62744038,2222895519474.872,57.4757,2344442351718.96,Data inaccessible by API,2025-08-25T10:15:00.000Z,Data inaccessible by API,Data inaccessible by API,Data inaccessible by API,Data inaccessible by API,Data inaccessible by API,2025-08-25 15:46:36.871867
1,1027,Ethereum,ETH,ethereum,10469,2015-08-07T00:00:00.000Z,"['pos', 'smart-contracts', 'ethereum-ecosystem', 'coinbase-ventures-portfolio', 'three-arrows-capital-portfolio', 'polychain-capital-portfolio', 'binance-labs-portfolio', 'blockchain-capital-portfolio', 'boostvc-portfolio', 'cms-holdings-portfolio', 'dcg-portfolio', 'dragonfly-capital-portfolio', 'electric-capital-portfolio', 'fabric-ventures-portfolio', 'framework-ventures-portfolio', 'hashkey-capital-portfolio', 'kenetic-capital-portfolio', 'huobi-capital-portfolio', 'alameda-research-portfolio', 'a16z-portfolio', '1confirmation-portfolio', 'winklevoss-capital-portfolio', 'usv-portfolio', 'placeholder-ventures-portfolio', 'pantera-capital-portfolio', 'multicoin-capital-portfolio', 'paradigm-portfolio', 'ethereum-pow-ecosystem', 'layer-1', 'ftx-bankruptcy-estate', 'sora-ecosystem', 'rsk-rbtc-ecosystem', 'world-liberty-financial-portfolio', 'us-strategic-crypto-reserve', 'binance-ecosystem', 'binance-listing']",Data inaccessible by API,120707098.1711658,120707098.1711658,True,Data inaccessible by API,2.0,Data inaccessible by API,Data inaccessible by API,Data inaccessible by API,2025-08-25T10:14:00.000Z,4602.47737663859,62478870608.71112,123.8602,0.23843994,-3.44330004,7.3313707,22.4097645,86.70470274,74.78115001,555551688532.4839,14.3623,555551688532.48,Data inaccessible by API,2025-08-25T10:14:00.000Z,Data inaccessible by API,Data inaccessible by API,Data inaccessible by API,Data inaccessible by API,Data inaccessible by API,2025-08-25 15:46:36.871867
2,52,XRP,XRP,xrp,1681,2013-08-04T00:00:00.000Z,"['medium-of-exchange', 'enterprise-solutions', 'xrp-ecosystem', 'arrington-xrp-capital-portfolio', 'galaxy-digital-portfolio', 'a16z-portfolio', 'pantera-capital-portfolio', 'ftx-bankruptcy-estate', '2017-2018-alt-season', 'klaytn-ecosystem', 'made-in-america', 'us-strategic-crypto-reserve', 'binance-ecosystem', 'binance-listing']",100000000000.0,59482264023.0,99985819185.0,False,Data inaccessible by API,3.0,Data inaccessible by API,Data inaccessible by API,Data inaccessible by API,2025-08-25T10:15:00.000Z,2.950956318650028,7629972414.5407295,116.8216,0.45466553,-2.30053754,-0.44257019,-8.0156471,35.42384654,27.38812588,175529562866.28107,4.5379,295095631865.0,Data inaccessible by API,2025-08-25T10:15:00.000Z,Data inaccessible by API,Data inaccessible by API,Data inaccessible by API,Data inaccessible by API,Data inaccessible by API,2025-08-25 15:46:36.871867
3,825,Tether USDt,USDT,tether,142589,2015-02-25T00:00:00.000Z,"['stablecoin', 'asset-backed-stablecoin', 'usd-stablecoin', 'ethereum-pow-ecosystem', 'fiat-stablecoin', 'tron20-ecosystem', 'rsk-rbtc-ecosystem', 'world-liberty-financial-portfolio', 'binance-ecosystem', 'binance-listing', 'peaq-ecosystem', 'apertum-ecosystem', 'etherlink-ecosystem', 'duckchain-ecosystem', 'onus-ecosystem', 'zedxion-smart-chain-ecosystem']",Data inaccessible by API,167150540379.7628,169734252948.3468,True,Data inaccessible by API,4.0,Data inaccessible by API,Data inaccessible by API,Data inaccessible by API,2025-08-25T10:14:00.000Z,0.9997991486479082,166682913455.32724,83.718,0.00866837,0.01692267,-0.08077553,-0.06443245,-0.05395096,-0.03685466,167116967967.72464,4.3204,169700161594.15,Data inaccessible by API,2025-08-25T10:14:00.000Z,1027.0,Ethereum,ETH,ethereum,0xdac17f958d2ee523a2206206994597c13d831ec7,2025-08-25 15:46:36.871867
4,1839,BNB,BNB,bnb,2679,2017-07-25T00:00:00.000Z,"['marketplace', 'centralized-exchange', 'payments', 'smart-contracts', 'alameda-research-portfolio', 'multicoin-capital-portfolio', 'bnb-chain-ecosystem', 'layer-1', 'alleged-sec-securities', 'celsius-bankruptcy-estate', 'binance-ecosystem', 'binance-listing']",Data inaccessible by API,139287317.95,139287317.95,False,Data inaccessible by API,5.0,Data inaccessible by API,Data inaccessible by API,Data inaccessible by API,2025-08-25T10:14:00.000Z,858.2966374602452,3107586038.16339,35.368,-0.05598611,-0.89053344,3.29468535,9.40205368,32.69425452,25.98599261,119549836637.34103,3.0906,119549836637.34,Data inaccessible by API,2025-08-25T10:14:00.000Z,Data inaccessible by API,Data inaccessible by API,Data inaccessible by API,Data inaccessible by API,Data inaccessible by API,2025-08-25 15:46:36.871867
5,5426,Solana,SOL,solana,974,2020-04-10T00:00:00.000Z,"['pos', 'platform', 'solana-ecosystem', 'cms-holdings-portfolio', 'kenetic-capital-portfolio', 'alameda-research-portfolio', 'multicoin-capital-portfolio', 'okx-ventures-portfolio', 'layer-1', 'ftx-bankruptcy-estate', 'alleged-sec-securities', 'cmc-crypto-awards-2024', 'made-in-america', 'us-strategic-crypto-reserve', 'binance-ecosystem', 'binance-listing']",Data inaccessible by API,540437373.5059353,608187600.7552623,True,Data inaccessible by API,6.0,525236893.3,103918907683.86472,Data inaccessible by API,2025-08-25T10:15:00.000Z,197.8515009312365,13585958849.476551,100.1469,-0.57600514,-4.7345014,9.38623872,4.40738198,37.32444037,12.43571657,106926345507.48456,2.7643,120330829657.2,Data inaccessible by API,2025-08-25T10:15:00.000Z,Data inaccessible by API,Data inaccessible by API,Data inaccessible by API,Data inaccessible by API,Data inaccessible by API,2025-08-25 15:46:36.871867
6,3408,USDC,USDC,usd-coin,30807,2018-10-08T00:00:00.000Z,"['medium-of-exchange', 'stablecoin', 'asset-backed-stablecoin', 'coinbase-ventures-portfolio', 'usd-stablecoin', 'ethereum-pow-ecosystem', 'fiat-stablecoin', 'tron20-ecosystem', 'made-in-america', 'world-liberty-financial-portfolio', 'sonic-ecosystem', 'binance-ecosystem', 'binance-listing', 'etherlink-ecosystem', 'unichain-ecosystem', 'vector-smart-chain-ecosystem']",Data inaccessible by API,67411752760.74382,67411752760.74382,False,Data inaccessible by API,7.0,60901219650.23,60895026048.97603,Data inaccessible by API,2025-08-25T10:15:00.000Z,0.9998983008667224,22870337363.59134,122.5341,0.00718405,0.00291996,-0.00917249,-0.00427636,0.00475956,0.01604383,67404897043.91533,1.7426,67404897043.92,Data inaccessible by API,2025-08-25T10:15:00.000Z,1027.0,Ethereum,ETH,ethereum,0xa0b86991c6218b36c1d19d4a2e9eb0ce3606eb48,2025-08-25 15:46:36.871867
7,1958,TRON,TRX,tron,1216,2017-09-13T00:00:00.000Z,"['media', 'payments', 'tron-ecosystem', 'layer-1', 'dwf-labs-portfolio', 'alleged-sec-securities', '2017-2018-alt-season', 'tron20-ecosystem', 'world-liberty-financial-portfolio', 'binance-ecosystem', 'binance-listing']",Data inaccessible by API,94667978256.1305,94667991686.2935,True,Data inaccessible by API,8.0,71659659264.0,25235745670.92537,Data inaccessible by API,2025-08-25T10:14:00.000Z,0.3521611172885268,1656668114.0604248,119.1842,0.02840039,-3.74390526,1.75489055,11.04891456,29.71056911,26.9914625,33338380994.124874,0.8619,33338385723.71,Data inaccessible by API,2025-08-25T10:14:00.000Z,Data inaccessible by API,Data inaccessible by API,Data inaccessible by API,Data inaccessible by API,Data inaccessible by API,2025-08-25 15:46:36.871867
8,74,Dogecoin,DOGE,dogecoin,1276,2013-12-15T00:00:00.000Z,"['mineable', 'pow', 'scrypt', 'medium-of-exchange', 'memes', 'payments', 'doggone-doggerel', 'osmosis-ecosystem', 'ftx-bankruptcy-estate', 'animal-memes', 'made-in-america', 'binance-ecosystem', 'binance-listing']",Data inaccessible by API,150663036383.70523,150663036383.70523,True,Data inaccessible by API,9.0,Data inaccessible by API,Data inaccessible by API,Data inaccessible by API,2025-08-25T10:14:00.000Z,0.2199539273753763,3976873371.5078335,141.2214,-0.04266082,-4.87862652,-1.05823207,-8.0285303,35.09848172,-3.6918645,33138926562.895184,0.8567,33138926562.9,Data inaccessible by API,2025-08-25T10:14:00.000Z,Data inaccessible by API,Data inaccessible by API,Data inaccessible by API,Data inaccessible by API,Data inaccessible by API,2025-08-25 15:46:36.871867
9,2010,Cardano,ADA,cardano,1567,2017-10-01T00:00:00.000Z,"['dpos', 'pos', 'platform', 'research', 'smart-contracts', 'staking', 'cardano-ecosystem', 'cardano', 'layer-1', 'alleged-sec-securities', '2017-2018-alt-season', 'made-in-america', 'us-strategic-crypto-reserve', 'binance-ecosystem', 'binance-listing']",45000000000.0,35724891762.85982,44994674679.3984,False,Data inaccessible by API,10.0,37997904336.0,33021108548.614857,Data inaccessible by API,2025-08-25T10:14:00.000Z,0.8690244666290708,2784140233.617804,167.252,0.06278502,-3.14276175,-4.63570417,4.9899505,53.64836609,13.1803861,31045805009.60054,0.8026,39106100998.31,Data inaccessible by API,2025-08-25T10:14:00.000Z,Data inaccessible by API,Data inaccessible by API,Data inaccessible by API,Data inaccessible by API,Data inaccessible by API,2025-08-25 15:46:36.871867
10,1975,Chainlink,LINK,chainlink,2069,2017-09-20T00:00:00.000Z,"['platform', 'defi', 'interoperability', 'oracles', 'smart-contracts', 'ethereum-ecosystem', 'polkadot', 'heco-ecosystem', 'avalanche-ecosystem', 'solana-ecosystem', 'framework-ventures-portfolio', 'polygon-ecosystem', 'fantom-ecosystem', 'cardano-ecosystem', 'terra-ecosystem', 'web3', 'near-protocol-ecosystem', 'arbitrum-ecosystem', 'cross-chain', 'cardano', 'injective-ecosystem', 'bnb-chain-ecosystem', 'optimism-ecosystem', 'real-world-assets-protocols', 'gnosis-chain-ecosystem', 'sora-ecosystem', 'hoo-smart-chain-ecosystem', 'milkomeda-ecosystem', 'energi-ecosystem', 'made-in-america', 'world-liberty-financial-portfolio', 'binance-ecosystem', 'binance-listing', 'robotics']",1000000000.0,678099970.4527867,1000000000.0,False,Data inaccessible by API,11.0,Data inaccessible by API,Data inaccessible by API,Data inaccessible by API,2025-08-25T10:15:00.000Z,24.85347055599656,2091844423.2339704,79.0077,-0.39347475,-2.09194011,-0.4111848,35.03456302,88.24917607,56.65572255,16853137649.670471,0.4357,24853470556.0,Data inaccessible by API,2025-08-25T10:15:00.000Z,1027.0,Ethereum,ETH,ethereum,0x514910771af9ca656af840dff83e8264ecf986ca,2025-08-25 15:46:36.871867
11,32196,Hyperliquid,HYPE,hyperliquid,135,2024-07-15T10:14:50.000Z,"['decentralized-exchange-dex-token', 'defi', 'derivatives', 'layer-1', 'hyperliquid-ecosystem', 'binance-ecosystem', 'binance-listing']",1000000000.0,333928180.0,999993930.0,False,Data inaccessible by API,12.0,333931719.0,15304028621.439068,Data inaccessible by API,2025-08-25T10:15:00.000Z,45.82981415263241,301048391.2762086,120.2463,2.00937205,4.27609548,6.10654974,2.65724527,22.85515501,24.42424584,15303866429.726782,0.3956,45829814152.63,Data inaccessible by API,2025-08-25T10:15:00.000Z,32196.0,Hyperliquid,HYPE,hyperliquid,0x0d01dc56dcaaca66ad901c959b4011ec,2025-08-25 15:46:36.871867
12,512,Stellar,XLM,stellar,741,2014-08-05T00:00:00.000Z,"['medium-of-exchange', 'enterprise-solutions', 'decentralized-exchange-dex-token', 'defi', 'smart-contracts', 'hashkey-capital-portfolio', 'real-world-assets-protocols', '2017-2018-alt-season', 'made-in-america', 'binance-ecosystem', 'binance-listing']",50001806812.0,31351085043.612007,50001786889.0645,False,Data inaccessible by API,13.0,31531408660.0,12369648570.096312,Data inaccessible by API,2025-08-25T10:15:00.000Z,0.3922960976300483,385045449.5375247,100.0836,0.24949152,-3.63433972,-3.63978531,-11.26783927,63.25007485,35.73736136,12298908319.076763,0.318,19615513686.8,Data inaccessible by API,2025-08-25T10:15:00.000Z,Data inaccessible by API,Data inaccessible by API,Data inaccessible by API,Data inaccessible by API,Data inaccessible by API,2025-08-25 15:46:36.871867
13,20947,Sui,SUI,sui,750,2022-07-12T08:03:11.000Z,"['binance-launchpool', 'coinbase-ventures-portfolio', 'binance-labs-portfolio', 'electric-capital-portfolio', 'a16z-portfolio', 'sui-ecosystem', 'layer-1', 'move-vm', 'cmc-crypto-yearbook-2024-2025', 'made-in-america', 'world-liberty-financial-portfolio', 'binance-ecosystem', 'binance-listing']",10000000000.0,3511924479.5699987,10000000000.0,False,Data inaccessible by API,14.0,3511924479.57,12235243339.733614,Data inaccessible by API,2025-08-25T10:15:00.000Z,3.483914136226442,1997013526.932918,153.1115,0.16893684,-4.83795099,-2.03829138,-13.97347889,29.80009451,-1.66721996,12235243339.73361,0.3164,34839141362.26,Data inaccessible by API,2025-08-25T10:15:00.000Z,Data inaccessible by API,Data inaccessible by API,Data inaccessible by API,Data inaccessible by API,Data inaccessible by API,2025-08-25 15:46:36.871867
14,29470,Ethena USDe,USDe,ethena-usde,200,2024-02-20T11:05:01.000Z,"['stablecoin', 'asset-backed-stablecoin', 'binance-labs-portfolio', 'dragonfly-capital-portfolio', 'usd-stablecoin', 'eigenlayer-ecosystem', 'binance-ecosystem']",Data inaccessible by API,12084889586.033997,12084889586.033997,True,Data inaccessible by API,15.0,Data inaccessible by API,Data inaccessible by API,Data inaccessible by API,2025-08-25T10:14:00.000Z,1.0003897172088148,257257988.46589068,33.9398,-0.00584037,0.00864682,-0.07044428,-0.0779976,0.02157322,-0.03102368,12089599275.4723,0.3125,12089599275.47,Data inaccessible by API,2025-08-25T10:14:00.000Z,1027.0,Ethereum,ETH,ethereum,0x4c9edd5852cd905f086c759e8383e09bff1e68b3,2025-08-25 15:46:36.871867
0,1,Bitcoin,BTC,bitcoin,12290,2010-07-13T00:00:00.000Z,"['mineable', 'pow', 'sha-256', 'store-of-value', 'state-channel', 'coinbase-ventures-portfolio', 'three-arrows-capital-portfolio', 'polychain-capital-portfolio', 'binance-labs-portfolio', 'blockchain-capital-portfolio', 'boostvc-portfolio', 'cms-holdings-portfolio', 'dcg-portfolio', 'dragonfly-capital-portfolio', 'electric-capital-portfolio', 'fabric-ventures-portfolio', 'framework-ventures-portfolio', 'galaxy-digital-portfolio', 'huobi-capital-portfolio', 'alameda-research-portfolio', 'a16z-portfolio', '1confirmation-portfolio', 'winklevoss-capital-portfolio', 'usv-portfolio', 'placeholder-ventures-portfolio', 'pantera-capital-portfolio', 'multicoin-capital-portfolio', 'paradigm-portfolio', 'bitcoin-ecosystem', 'layer-1', 'ftx-bankruptcy-estate', '2017-2018-alt-season', 'us-strategic-crypto-reserve', 'binance-ecosystem', 'binance-listing']",21000000.0,19911262.0,19911262.0,False,Data inaccessible by API,1.0,Data inaccessible by API,Data inaccessible by API,Data inaccessible by API,2025-08-25T10:17:00.000Z,111665.71593158996,79443212457.79251,50.7297,0.13117196,-2.71906413,-3.06308022,-5.10368372,3.97081265,1.63698691,2223405326331.4614,57.4889,2344980034563.39,Data inaccessible by API,2025-08-25T10:17:00.000Z,Data inaccessible by API,Data inaccessible by API,Data inaccessible by API,Data inaccessible by API,Data inaccessible by API,2025-08-25 15:47:38.927518
1,1027,Ethereum,ETH,ethereum,10469,2015-08-07T00:00:00.000Z,"['pos', 'smart-contracts', 'ethereum-ecosystem', 'coinbase-ventures-portfolio', 'three-arrows-capital-portfolio', 'polychain-capital-portfolio', 'binance-labs-portfolio', 'blockchain-capital-portfolio', 'boostvc-portfolio', 'cms-holdings-portfolio', 'dcg-portfolio', 'dragonfly-capital-portfolio', 'electric-capital-portfolio', 'fabric-ventures-portfolio', 'framework-ventures-portfolio', 'hashkey-capital-portfolio', 'kenetic-capital-portfolio', 'huobi-capital-portfolio', 'alameda-research-portfolio', 'a16z-portfolio', '1confirmation-portfolio', 'winklevoss-capital-portfolio', 'usv-portfolio', 'placeholder-ventures-portfolio', 'pantera-capital-portfolio', 'multicoin-capital-portfolio', 'paradigm-portfolio', 'ethereum-pow-ecosystem', 'layer-1', 'ftx-bankruptcy-estate', 'sora-ecosystem', 'rsk-rbtc-ecosystem', 'world-liberty-financial-portfolio', 'us-strategic-crypto-reserve', 'binance-ecosystem', 'binance-listing']",Data inaccessible by API,120707098.1711658,120707098.1711658,True,Data inaccessible by API,2.0,Data inaccessible by API,Data inaccessible by API,Data inaccessible by API,2025-08-25T10:16:00.000Z,4602.644811655982,62470196875.39846,131.2622,0.06345208,-3.41710316,7.16756233,22.2042976,86.72455325,74.52150154,555571899127.5656,14.3628,555571899127.57,Data inaccessible by API,2025-08-25T10:16:00.000Z,Data inaccessible by API,Data inaccessible by API,Data inaccessible by API,Data inaccessible by API,Data inaccessible by API,2025-08-25 15:47:38.927518
2,52,XRP,XRP,xrp,1681,2013-08-04T00:00:00.000Z,"['medium-of-exchange', 'enterprise-solutions', 'xrp-ecosystem', 'arrington-xrp-capital-portfolio', 'galaxy-digital-portfolio', 'a16z-portfolio', 'pantera-capital-portfolio', 'ftx-bankruptcy-estate', '2017-2018-alt-season', 'klaytn-ecosystem', 'made-in-america', 'us-strategic-crypto-reserve', 'binance-ecosystem', 'binance-listing']",100000000000.0,59482264023.0,99985819185.0,False,Data inaccessible by API,3.0,Data inaccessible by API,Data inaccessible by API,Data inaccessible by API,2025-08-25T10:16:00.000Z,2.94897338162325,7628340765.906207,117.0049,0.2877031,-2.32583586,-0.51656189,-8.08754523,35.32354756,27.28612253,175411613282.51328,4.5348,294897338162.33,Data inaccessible by API,2025-08-25T10:16:00.000Z,Data inaccessible by API,Data inaccessible by API,Data inaccessible by API,Data inaccessible by API,Data inaccessible by API,2025-08-25 15:47:38.927518
3,825,Tether USDt,USDT,tether,142590,2015-02-25T00:00:00.000Z,"['stablecoin', 'asset-backed-stablecoin', 'usd-stablecoin', 'ethereum-pow-ecosystem', 'fiat-stablecoin', 'tron20-ecosystem', 'rsk-rbtc-ecosystem', 'world-liberty-financial-portfolio', 'binance-ecosystem', 'binance-listing', 'peaq-ecosystem', 'apertum-ecosystem', 'etherlink-ecosystem', 'duckchain-ecosystem', 'onus-ecosystem', 'zedxion-smart-chain-ecosystem']",Data inaccessible by API,167150540379.7628,169734252948.3468,True,Data inaccessible by API,4.0,Data inaccessible by API,Data inaccessible by API,Data inaccessible by API,2025-08-25T10:16:00.000Z,0.999892364429823,166620114592.2918,83.7799,0.0176961,0.02194322,-0.06401354,-0.03338444,-0.04420284,-0.03408418,167132549036.0436,4.3208,169715983505.25,Data inaccessible by API,2025-08-25T10:16:00.000Z,1027.0,Ethereum,ETH,ethereum,0xdac17f958d2ee523a2206206994597c13d831ec7,2025-08-25 15:47:38.927518
4,1839,BNB,BNB,bnb,2679,2017-07-25T00:00:00.000Z,"['marketplace', 'centralized-exchange', 'payments', 'smart-contracts', 'alameda-research-portfolio', 'multicoin-capital-portfolio', 'bnb-chain-ecosystem', 'layer-1', 'alleged-sec-securities', 'celsius-bankruptcy-estate', 'binance-ecosystem', 'binance-listing']",Data inaccessible by API,139287317.95,139287317.95,False,Data inaccessible by API,5.0,Data inaccessible by API,Data inaccessible by API,Data inaccessible by API,2025-08-25T10:16:00.000Z,858.0699635328122,3100854809.0412207,34.5836,-0.20095571,-0.7854898,3.27550298,9.386695,32.65236515,25.89262506,119518263833.9397,3.0898,119518263833.94,Data inaccessible by API,2025-08-25T10:16:00.000Z,Data inaccessible by API,Data inaccessible by API,Data inaccessible by API,Data inaccessible by API,Data inaccessible by API,2025-08-25 15:47:38.927518
5,5426,Solana,SOL,solana,974,2020-04-10T00:00:00.000Z,"['pos', 'platform', 'solana-ecosystem', 'cms-holdings-portfolio', 'kenetic-capital-portfolio', 'alameda-research-portfolio', 'multicoin-capital-portfolio', 'okx-ventures-portfolio', 'layer-1', 'ftx-bankruptcy-estate', 'alleged-sec-securities', 'cmc-crypto-awards-2024', 'made-in-america', 'us-strategic-crypto-reserve', 'binance-ecosystem', 'binance-listing']",Data inaccessible by API,540437373.5059353,608187600.7552623,True,Data inaccessible by API,6.0,525236893.3,103839280269.21391,Data inaccessible by API,2025-08-25T10:16:00.000Z,197.69989807228552,13592013333.849752,100.2852,-0.77779697,-4.74968596,9.28331584,4.33166241,37.21488449,12.34001993,106844413656.57712,2.7622,120238626678.14,Data inaccessible by API,2025-08-25T10:16:00.000Z,Data inaccessible by API,Data inaccessible by API,Data inaccessible by API,Data inaccessible by API,Data inaccessible by API,2025-08-25 15:47:38.927518
6,3408,USDC,USDC,usd-coin,30811,2018-10-08T00:00:00.000Z,"['medium-of-exchange', 'stablecoin', 'asset-backed-stablecoin', 'coinbase-ventures-portfolio', 'usd-stablecoin', 'ethereum-pow-ecosystem', 'fiat-stablecoin', 'tron20-ecosystem', 'made-in-america', 'world-liberty-financial-portfolio', 'sonic-ecosystem', 'binance-ecosystem', 'binance-listing', 'etherlink-ecosystem', 'unichain-ecosystem', 'vector-smart-chain-ecosystem']",Data inaccessible by API,67411752760.74382,67411752760.74382,False,Data inaccessible by API,7.0,60901219650.23,60900454461.09372,Data inaccessible by API,2025-08-25T10:17:00.000Z,0.9999874355695882,21533213970.55844,109.4669,0.01519465,0.01689234,0.01650351,0.00523385,0.00509203,0.01454332,67410905770.46732,1.7436,67410905770.47,Data inaccessible by API,2025-08-25T10:17:00.000Z,1027.0,Ethereum,ETH,ethereum,0xa0b86991c6218b36c1d19d4a2e9eb0ce3606eb48,2025-08-25 15:47:38.927518
7,1958,TRON,TRX,tron,1216,2017-09-13T00:00:00.000Z,"['media', 'payments', 'tron-ecosystem', 'layer-1', 'dwf-labs-portfolio', 'alleged-sec-securities', '2017-2018-alt-season', 'tron20-ecosystem', 'world-liberty-financial-portfolio', 'binance-ecosystem', 'binance-listing']",Data inaccessible by API,94667978256.1305,94667991686.2935,True,Data inaccessible by API,8.0,71659659264.0,25245430234.752384,Data inaccessible by API,2025-08-25T10:17:00.000Z,0.3522962639516073,1657617355.2971616,119.2939,0.05946076,-3.66915954,1.79872237,11.14070524,29.71174703,27.02514281,33351175055.486767,0.8626,33351179786.88,Data inaccessible by API,2025-08-25T10:17:00.000Z,Data inaccessible by API,Data inaccessible by API,Data inaccessible by API,Data inaccessible by API,Data inaccessible by API,2025-08-25 15:47:38.927518
8,74,Dogecoin,DOGE,dogecoin,1276,2013-12-15T00:00:00.000Z,"['mineable', 'pow', 'scrypt', 'medium-of-exchange', 'memes', 'payments', 'doggone-doggerel', 'osmosis-ecosystem', 'ftx-bankruptcy-estate', 'animal-memes', 'made-in-america', 'binance-ecosystem', 'binance-listing']",Data inaccessible by API,150663036383.70523,150663036383.70523,True,Data inaccessible by API,9.0,Data inaccessible by API,Data inaccessible by API,Data inaccessible by API,2025-08-25T10:16:00.000Z,0.2197902091986575,3975144484.346692,141.0171,-0.18474642,-4.80452103,-1.11538802,-8.183581,35.06001213,-3.79417837,33114260285.27952,0.8561,33114260285.28,Data inaccessible by API,2025-08-25T10:16:00.000Z,Data inaccessible by API,Data inaccessible by API,Data inaccessible by API,Data inaccessible by API,Data inaccessible by API,2025-08-25 15:47:38.927518
9,2010,Cardano,ADA,cardano,1567,2017-10-01T00:00:00.000Z,"['dpos', 'pos', 'platform', 'research', 'smart-contracts', 'staking', 'cardano-ecosystem', 'cardano', 'layer-1', 'alleged-sec-securities', '2017-2018-alt-season', 'made-in-america', 'us-strategic-crypto-reserve', 'binance-ecosystem', 'binance-listing']",45000000000.0,35724891762.85982,44994674679.3984,False,Data inaccessible by API,10.0,37997904336.0,33003253080.27443,Data inaccessible by API,2025-08-25T10:16:00.000Z,0.868554559968363,2784199828.2820463,167.6552,-0.04760412,-3.11448579,-4.67065874,4.85296183,53.70662562,13.09979955,31029017645.008102,0.8022,39084955198.58,Data inaccessible by API,2025-08-25T10:16:00.000Z,Data inaccessible by API,Data inaccessible by API,Data inaccessible by API,Data inaccessible by API,Data inaccessible by API,2025-08-25 15:47:38.927518
10,1975,Chainlink,LINK,chainlink,2069,2017-09-20T00:00:00.000Z,"['platform', 'defi', 'interoperability', 'oracles', 'smart-contracts', 'ethereum-ecosystem', 'polkadot', 'heco-ecosystem', 'avalanche-ecosystem', 'solana-ecosystem', 'framework-ventures-portfolio', 'polygon-ecosystem', 'fantom-ecosystem', 'cardano-ecosystem', 'terra-ecosystem', 'web3', 'near-protocol-ecosystem', 'arbitrum-ecosystem', 'cross-chain', 'cardano', 'injective-ecosystem', 'bnb-chain-ecosystem', 'optimism-ecosystem', 'real-world-assets-protocols', 'gnosis-chain-ecosystem', 'sora-ecosystem', 'hoo-smart-chain-ecosystem', 'milkomeda-ecosystem', 'energi-ecosystem', 'made-in-america', 'world-liberty-financial-portfolio', 'binance-ecosystem', 'binance-listing', 'robotics']",1000000000.0,678099970.4527867,1000000000.0,False,Data inaccessible by API,11.0,Data inaccessible by API,Data inaccessible by API,Data inaccessible by API,2025-08-25T10:17:00.000Z,24.799681982285858,2092078195.747193,78.8529,-0.75881756,-2.33221195,-0.66342092,34.70249209,87.85988601,56.29140925,16816663619.426546,0.435,24799681982.29,Data inaccessible by API,2025-08-25T10:17:00.000Z,1027.0,Ethereum,ETH,ethereum,0x514910771af9ca656af840dff83e8264ecf986ca,2025-08-25 15:47:38.927518
11,32196,Hyperliquid,HYPE,hyperliquid,135,2024-07-15T10:14:50.000Z,"['decentralized-exchange-dex-token', 'defi', 'derivatives', 'layer-1', 'hyperliquid-ecosystem', 'binance-ecosystem', 'binance-listing']",1000000000.0,333928180.0,999993930.0,False,Data inaccessible by API,12.0,333931719.0,15335084343.020647,Data inaccessible by API,2025-08-25T10:17:00.000Z,45.92281436739062,301549496.01181376,120.2471,1.97341686,4.61773037,6.32895789,2.85970302,23.13678513,24.61598924,15334921822.1806,0.3966,45922814367.39,Data inaccessible by API,2025-08-25T10:17:00.000Z,32196.0,Hyperliquid,HYPE,hyperliquid,0x0d01dc56dcaaca66ad901c959b4011ec,2025-08-25 15:47:38.927518
12,512,Stellar,XLM,stellar,741,2014-08-05T00:00:00.000Z,"['medium-of-exchange', 'enterprise-solutions', 'decentralized-exchange-dex-token', 'defi', 'smart-contracts', 'hashkey-capital-portfolio', 'real-world-assets-protocols', '2017-2018-alt-season', 'made-in-america', 'binance-ecosystem', 'binance-listing']",50001806812.0,31351085043.612007,50001786889.0645,False,Data inaccessible by API,13.0,31531408660.0,12358073015.585377,Data inaccessible by API,2025-08-25T10:16:00.000Z,0.3919289857564319,385041374.9712575,99.9974,0.04103742,-3.66783649,-3.72434182,-11.36770806,63.07741164,35.60869849,12287398963.506496,0.3177,19597157429.82,Data inaccessible by API,2025-08-25T10:16:00.000Z,Data inaccessible by API,Data inaccessible by API,Data inaccessible by API,Data inaccessible by API,Data inaccessible by API,2025-08-25 15:47:38.927518
13,20947,Sui,SUI,sui,750,2022-07-12T08:03:11.000Z,"['binance-launchpool', 'coinbase-ventures-portfolio', 'binance-labs-portfolio', 'electric-capital-portfolio', 'a16z-portfolio', 'sui-ecosystem', 'layer-1', 'move-vm', 'cmc-crypto-yearbook-2024-2025', 'made-in-america', 'world-liberty-financial-portfolio', 'binance-ecosystem', 'binance-listing']",10000000000.0,3511924479.5699987,10000000000.0,False,Data inaccessible by API,14.0,3511924479.57,12227022751.771591,Data inaccessible by API,2025-08-25T10:17:00.000Z,3.481573371779529,1996630815.533807,152.1797,-0.04440235,-4.78432758,-2.13690843,-14.00202914,29.70997694,-1.7513097,12227022751.771587,0.3163,34815733717.8,Data inaccessible by API,2025-08-25T10:17:00.000Z,Data inaccessible by API,Data inaccessible by API,Data inaccessible by API,Data inaccessible by API,Data inaccessible by API,2025-08-25 15:47:38.927518
14,29470,Ethena USDe,USDe,ethena-usde,200,2024-02-20T11:05:01.000Z,"['stablecoin', 'asset-backed-stablecoin', 'binance-labs-portfolio', 'dragonfly-capital-portfolio', 'usd-stablecoin', 'eigenlayer-ecosystem', 'binance-ecosystem']",Data inaccessible by API,12084889586.033997,12084889586.033997,True,Data inaccessible by API,15.0,Data inaccessible by API,Data inaccessible by API,Data inaccessible by API,2025-08-25T10:16:00.000Z,1.000418724195259,257210433.48179668,33.2225,-0.00915604,0.01732248,-0.07434263,-0.06728162,0.03203366,-0.02206443,12089949821.7007,0.3126,12089949821.7,Data inaccessible by API,2025-08-25T10:16:00.000Z,1027.0,Ethereum,ETH,ethereum,0x4c9edd5852cd905f086c759e8383e09bff1e68b3,2025-08-25 15:47:38.927518
0,1,Bitcoin,BTC,bitcoin,12290,2010-07-13T00:00:00.000Z,"['mineable', 'pow', 'sha-256', 'store-of-value', 'state-channel', 'coinbase-ventures-portfolio', 'three-arrows-capital-portfolio', 'polychain-capital-portfolio', 'binance-labs-portfolio', 'blockchain-capital-portfolio', 'boostvc-portfolio', 'cms-holdings-portfolio', 'dcg-portfolio', 'dragonfly-capital-portfolio', 'electric-capital-portfolio', 'fabric-ventures-portfolio', 'framework-ventures-portfolio', 'galaxy-digital-portfolio', 'huobi-capital-portfolio', 'alameda-research-portfolio', 'a16z-portfolio', '1confirmation-portfolio', 'winklevoss-capital-portfolio', 'usv-portfolio', 'placeholder-ventures-portfolio', 'pantera-capital-portfolio', 'multicoin-capital-portfolio', 'paradigm-portfolio', 'bitcoin-ecosystem', 'layer-1', 'ftx-bankruptcy-estate', '2017-2018-alt-season', 'us-strategic-crypto-reserve', 'binance-ecosystem', 'binance-listing']",21000000.0,19911262.0,19911262.0,False,Data inaccessible by API,1.0,Data inaccessible by API,Data inaccessible by API,Data inaccessible by API,2025-08-25T10:18:00.000Z,111587.70854295164,80865792571.20044,53.2971,0.06442612,-2.74187279,-3.11194161,-5.16858731,3.9539336,1.56874319,2221852100778.348,57.4709,2343341879401.98,Data inaccessible by API,2025-08-25T10:18:00.000Z,Data inaccessible by API,Data inaccessible by API,Data inaccessible by API,Data inaccessible by API,Data inaccessible by API,2025-08-25 15:48:40.365945
1,1027,Ethereum,ETH,ethereum,10469,2015-08-07T00:00:00.000Z,"['pos', 'smart-contracts', 'ethereum-ecosystem', 'coinbase-ventures-portfolio', 'three-arrows-capital-portfolio', 'polychain-capital-portfolio', 'binance-labs-portfolio', 'blockchain-capital-portfolio', 'boostvc-portfolio', 'cms-holdings-portfolio', 'dcg-portfolio', 'dragonfly-capital-portfolio', 'electric-capital-portfolio', 'fabric-ventures-portfolio', 'framework-ventures-portfolio', 'hashkey-capital-portfolio', 'kenetic-capital-portfolio', 'huobi-capital-portfolio', 'alameda-research-portfolio', 'a16z-portfolio', '1confirmation-portfolio', 'winklevoss-capital-portfolio', 'usv-portfolio', 'placeholder-ventures-portfolio', 'pantera-capital-portfolio', 'multicoin-capital-portfolio', 'paradigm-portfolio', 'ethereum-pow-ecosystem', 'layer-1', 'ftx-bankruptcy-estate', 'sora-ecosystem', 'rsk-rbtc-ecosystem', 'world-liberty-financial-portfolio', 'us-strategic-crypto-reserve', 'binance-ecosystem', 'binance-listing']",Data inaccessible by API,120707098.1711658,120707098.1711658,True,Data inaccessible by API,2.0,Data inaccessible by API,Data inaccessible by API,Data inaccessible by API,2025-08-25T10:18:00.000Z,4594.805753423004,62488214200.946144,123.7523,-0.1697136,-3.45701081,7.06820037,22.09408938,86.65850803,74.26773703,554625669155.8679,14.3454,554625669155.87,Data inaccessible by API,2025-08-25T10:18:00.000Z,Data inaccessible by API,Data inaccessible by API,Data inaccessible by API,Data inaccessible by API,Data inaccessible by API,2025-08-25 15:48:40.365945
2,52,XRP,XRP,xrp,1681,2013-08-04T00:00:00.000Z,"['medium-of-exchange', 'enterprise-solutions', 'xrp-ecosystem', 'arrington-xrp-capital-portfolio', 'galaxy-digital-portfolio', 'a16z-portfolio', 'pantera-capital-portfolio', 'ftx-bankruptcy-estate', '2017-2018-alt-season', 'klaytn-ecosystem', 'made-in-america', 'us-strategic-crypto-reserve', 'binance-ecosystem', 'binance-listing']",100000000000.0,59482264023.0,99985819185.0,False,Data inaccessible by API,3.0,Data inaccessible by API,Data inaccessible by API,Data inaccessible by API,2025-08-25T10:18:00.000Z,2.9483251929224523,7629231204.673739,116.9337,0.24522102,-2.33697573,-0.50954154,-7.99206905,35.30655856,27.21550689,175373057551.0757,4.536,294832519292.25,Data inaccessible by API,2025-08-25T10:18:00.000Z,Data inaccessible by API,Data inaccessible by API,Data inaccessible by API,Data inaccessible by API,Data inaccessible by API,2025-08-25 15:48:40.365945
3,825,Tether USDt,USDT,tether,142590,2015-02-25T00:00:00.000Z,"['stablecoin', 'asset-backed-stablecoin', 'usd-stablecoin', 'ethereum-pow-ecosystem', 'fiat-stablecoin', 'tron20-ecosystem', 'rsk-rbtc-ecosystem', 'world-liberty-financial-portfolio', 'binance-ecosystem', 'binance-listing', 'peaq-ecosystem', 'apertum-ecosystem', 'etherlink-ecosystem', 'duckchain-ecosystem', 'onus-ecosystem', 'zedxion-smart-chain-ecosystem']",Data inaccessible by API,167150540379.7628,169734252948.3468,True,Data inaccessible by API,4.0,Data inaccessible by API,Data inaccessible by API,Data inaccessible by API,2025-08-25T10:17:00.000Z,0.9999234855511264,166629820190.0231,83.8754,0.02136797,0.02632296,-0.05804149,-0.03533398,-0.04721408,-0.03709851,167137750948.2867,4.323,169721265825.53,Data inaccessible by API,2025-08-25T10:17:00.000Z,1027.0,Ethereum,ETH,ethereum,0xdac17f958d2ee523a2206206994597c13d831ec7,2025-08-25 15:48:40.365945
4,1839,BNB,BNB,bnb,2679,2017-07-25T00:00:00.000Z,"['marketplace', 'centralized-exchange', 'payments', 'smart-contracts', 'alameda-research-portfolio', 'multicoin-capital-portfolio', 'bnb-chain-ecosystem', 'layer-1', 'alleged-sec-securities', 'celsius-bankruptcy-estate', 'binance-ecosystem', 'binance-listing']",Data inaccessible by API,139287317.95,139287317.95,False,Data inaccessible by API,5.0,Data inaccessible by API,Data inaccessible by API,Data inaccessible by API,2025-08-25T10:18:00.000Z,858.0090461061434,3099487233.123723,34.4681,-0.18268725,-0.76861662,3.21125667,9.39920679,32.65003404,25.82862332,119509778808.9626,3.0911,119509778808.96,Data inaccessible by API,2025-08-25T10:18:00.000Z,Data inaccessible by API,Data inaccessible by API,Data inaccessible by API,Data inaccessible by API,Data inaccessible by API,2025-08-25 15:48:40.365945
5,5426,Solana,SOL,solana,974,2020-04-10T00:00:00.000Z,"['pos', 'platform', 'solana-ecosystem', 'cms-holdings-portfolio', 'kenetic-capital-portfolio', 'alameda-research-portfolio', 'multicoin-capital-portfolio', 'okx-ventures-portfolio', 'layer-1', 'ftx-bankruptcy-estate', 'alleged-sec-securities', 'cmc-crypto-awards-2024', 'made-in-america', 'us-strategic-crypto-reserve', 'binance-ecosystem', 'binance-listing']",Data inaccessible by API,540437373.5059353,608187600.7552623,True,Data inaccessible by API,6.0,525236893.3,103874499485.9251,Data inaccessible by API,2025-08-25T10:17:00.000Z,197.76695203814444,13599576302.75936,100.3936,-0.74954637,-4.70905553,9.3035215,4.40661524,37.27969915,12.37483128,106880652125.76906,2.7645,120279408068.76,Data inaccessible by API,2025-08-25T10:17:00.000Z,Data inaccessible by API,Data inaccessible by API,Data inaccessible by API,Data inaccessible by API,Data inaccessible by API,2025-08-25 15:48:40.365945
6,3408,USDC,USDC,usd-coin,30811,2018-10-08T00:00:00.000Z,"['medium-of-exchange', 'stablecoin', 'asset-backed-stablecoin', 'coinbase-ventures-portfolio', 'usd-stablecoin', 'ethereum-pow-ecosystem', 'fiat-stablecoin', 'tron20-ecosystem', 'made-in-america', 'world-liberty-financial-portfolio', 'sonic-ecosystem', 'binance-ecosystem', 'binance-listing', 'etherlink-ecosystem', 'unichain-ecosystem', 'vector-smart-chain-ecosystem']",Data inaccessible by API,67411752760.74382,67411752760.74382,False,Data inaccessible by API,7.0,60901219650.23,60895022108.61604,Data inaccessible by API,2025-08-25T10:18:00.000Z,0.9998982361658836,22927798941.0263,122.8716,0.00772537,0.03506995,-0.02796491,-0.00262331,-0.00496336,0.00531693,67404892682.31839,1.7434,67404892682.32,Data inaccessible by API,2025-08-25T10:18:00.000Z,1027.0,Ethereum,ETH,ethereum,0xa0b86991c6218b36c1d19d4a2e9eb0ce3606eb48,2025-08-25 15:48:40.365945
7,1958,TRON,TRX,tron,1216,2017-09-13T00:00:00.000Z,"['media', 'payments', 'tron-ecosystem', 'layer-1', 'dwf-labs-portfolio', 'alleged-sec-securities', '2017-2018-alt-season', 'tron20-ecosystem', 'world-liberty-financial-portfolio', 'binance-ecosystem', 'binance-listing']",Data inaccessible by API,94667978256.1305,94667991686.2935,True,Data inaccessible by API,8.0,71659659264.0,25245016752.10928,Data inaccessible by API,2025-08-25T10:18:00.000Z,0.3522904938621685,1657152084.767539,119.082,0.06732538,-3.66208819,1.739522,11.18837361,29.66156717,26.92302422,33350628812.785244,0.8626,33350633544.1,Data inaccessible by API,2025-08-25T10:18:00.000Z,Data inaccessible by API,Data inaccessible by API,Data inaccessible by API,Data inaccessible by API,Data inaccessible by API,2025-08-25 15:48:40.365945
8,74,Dogecoin,DOGE,dogecoin,1276,2013-12-15T00:00:00.000Z,"['mineable', 'pow', 'scrypt', 'medium-of-exchange', 'memes', 'payments', 'doggone-doggerel', 'osmosis-ecosystem', 'ftx-bankruptcy-estate', 'animal-memes', 'made-in-america', 'binance-ecosystem', 'binance-listing']",Data inaccessible by API,150663036383.70523,150663036383.70523,True,Data inaccessible by API,9.0,Data inaccessible by API,Data inaccessible by API,Data inaccessible by API,2025-08-25T10:17:00.000Z,0.2197879854067922,3974986267.339069,140.9427,-0.20097505,-4.77110323,-1.11140923,-8.15237739,35.06974734,-3.78789463,33113925242.04481,0.8565,33113925242.04,Data inaccessible by API,2025-08-25T10:17:00.000Z,Data inaccessible by API,Data inaccessible by API,Data inaccessible by API,Data inaccessible by API,Data inaccessible by API,2025-08-25 15:48:40.365945
9,2010,Cardano,ADA,cardano,1567,2017-10-01T00:00:00.000Z,"['dpos', 'pos', 'platform', 'research', 'smart-contracts', 'staking', 'cardano-ecosystem', 'cardano', 'layer-1', 'alleged-sec-securities', '2017-2018-alt-season', 'made-in-america', 'us-strategic-crypto-reserve', 'binance-ecosystem', 'binance-listing']",45000000000.0,35724891762.85982,44994674679.3984,False,Data inaccessible by API,10.0,37997904336.0,33004068675.267838,Data inaccessible by API,2025-08-25T10:17:00.000Z,0.868576024178236,2783856478.3013134,167.545,-0.0478865,-3.10562713,-4.66912693,4.85306766,53.72422329,13.10936895,31029784451.582592,0.8026,39085921088.02,Data inaccessible by API,2025-08-25T10:17:00.000Z,Data inaccessible by API,Data inaccessible by API,Data inaccessible by API,Data inaccessible by API,Data inaccessible by API,2025-08-25 15:48:40.365945
10,1975,Chainlink,LINK,chainlink,2069,2017-09-20T00:00:00.000Z,"['platform', 'defi', 'interoperability', 'oracles', 'smart-contracts', 'ethereum-ecosystem', 'polkadot', 'heco-ecosystem', 'avalanche-ecosystem', 'solana-ecosystem', 'framework-ventures-portfolio', 'polygon-ecosystem', 'fantom-ecosystem', 'cardano-ecosystem', 'terra-ecosystem', 'web3', 'near-protocol-ecosystem', 'arbitrum-ecosystem', 'cross-chain', 'cardano', 'injective-ecosystem', 'bnb-chain-ecosystem', 'optimism-ecosystem', 'real-world-assets-protocols', 'gnosis-chain-ecosystem', 'sora-ecosystem', 'hoo-smart-chain-ecosystem', 'milkomeda-ecosystem', 'energi-ecosystem', 'made-in-america', 'world-liberty-financial-portfolio', 'binance-ecosystem', 'binance-listing', 'robotics']",1000000000.0,678099970.4527867,1000000000.0,False,Data inaccessible by API,11.0,Data inaccessible by API,Data inaccessible by API,Data inaccessible by API,2025-08-25T10:18:00.000Z,24.79519394195746,2092455240.6456025,78.8919,-0.76373993,-2.3284758,-0.74290972,34.7301623,87.91848895,56.12307667,16813620279.41247,0.4349,24795193941.96,Data inaccessible by API,2025-08-25T10:18:00.000Z,1027.0,Ethereum,ETH,ethereum,0x514910771af9ca656af840dff83e8264ecf986ca,2025-08-25 15:48:40.365945
11,32196,Hyperliquid,HYPE,hyperliquid,135,2024-07-15T10:14:50.000Z,"['decentralized-exchange-dex-token', 'defi', 'derivatives', 'layer-1', 'hyperliquid-ecosystem', 'binance-ecosystem', 'binance-listing']",1000000000.0,333928180.0,999993930.0,False,Data inaccessible by API,12.0,333931719.0,15333664758.962263,Data inaccessible by API,2025-08-25T10:18:00.000Z,45.91856324664463,301526026.2890087,120.1843,1.97757942,4.61208988,6.41353434,2.86495842,23.22261428,24.20346069,15333502253.166931,0.3966,45918563246.64,Data inaccessible by API,2025-08-25T10:18:00.000Z,32196.0,Hyperliquid,HYPE,hyperliquid,0x0d01dc56dcaaca66ad901c959b4011ec,2025-08-25 15:48:40.365945
12,512,Stellar,XLM,stellar,741,2014-08-05T00:00:00.000Z,"['medium-of-exchange', 'enterprise-solutions', 'decentralized-exchange-dex-token', 'defi', 'smart-contracts', 'hashkey-capital-portfolio', 'real-world-assets-protocols', '2017-2018-alt-season', 'made-in-america', 'binance-ecosystem', 'binance-listing']",50001806812.0,31351085043.612007,50001786889.0645,False,Data inaccessible by API,13.0,31531408660.0,12355376559.51175,Data inaccessible by API,2025-08-25T10:18:00.000Z,0.3918434692448577,385067105.9240939,99.8369,0.0117711,-3.67424535,-3.71627641,-11.26743848,63.10372107,35.51314286,12284717928.0795,0.3177,19592881449.73,Data inaccessible by API,2025-08-25T10:18:00.000Z,Data inaccessible by API,Data inaccessible by API,Data inaccessible by API,Data inaccessible by API,Data inaccessible by API,2025-08-25 15:48:40.365945
13,20947,Sui,SUI,sui,750,2022-07-12T08:03:11.000Z,"['binance-launchpool', 'coinbase-ventures-portfolio', 'binance-labs-portfolio', 'electric-capital-portfolio', 'a16z-portfolio', 'sui-ecosystem', 'layer-1', 'move-vm', 'cmc-crypto-yearbook-2024-2025', 'made-in-america', 'world-liberty-financial-portfolio', 'binance-ecosystem', 'binance-listing']",10000000000.0,3511924479.5699987,10000000000.0,False,Data inaccessible by API,14.0,3511924479.57,12224766265.185898,Data inaccessible by API,2025-08-25T10:18:00.000Z,3.4809308503930865,1996146175.282643,151.871,-0.03531076,-4.8032441,-2.1015741,-14.00247693,29.73423518,-1.82410559,12224766265.185894,0.3162,34809308503.93,Data inaccessible by API,2025-08-25T10:18:00.000Z,Data inaccessible by API,Data inaccessible by API,Data inaccessible by API,Data inaccessible by API,Data inaccessible by API,2025-08-25 15:48:40.365945
14,29470,Ethena USDe,USDe,ethena-usde,200,2024-02-20T11:05:01.000Z,"['stablecoin', 'asset-backed-stablecoin', 'binance-labs-portfolio', 'dragonfly-capital-portfolio', 'usd-stablecoin', 'eigenlayer-ecosystem', 'binance-ecosystem']",Data inaccessible by API,12084889586.033997,12084889586.033997,True,Data inaccessible by API,15.0,Data inaccessible by API,Data inaccessible by API,Data inaccessible by API,2025-08-25T10:17:00.000Z,1.0004190371357466,257255188.10999388,33.2409,-0.00475029,0.01750564,-0.07264497,-0.06675239,0.03206495,-0.02176498,12089953603.551945,0.3127,12089953603.55,Data inaccessible by API,2025-08-25T10:17:00.000Z,1027.0,Ethereum,ETH,ethereum,0x4c9edd5852cd905f086c759e8383e09bff1e68b3,2025-08-25 15:48:40.365945
0,1,Bitcoin,BTC,bitcoin,12290,2010-07-13T00:00:00.000Z,"['mineable', 'pow', 'sha-256', 'store-of-value', 'state-channel', 'coinbase-ventures-portfolio', 'three-arrows-capital-portfolio', 'polychain-capital-portfolio', 'binance-labs-portfolio', 'blockchain-capital-portfolio', 'boostvc-portfolio', 'cms-holdings-portfolio', 'dcg-portfolio', 'dragonfly-capital-portfolio', 'electric-capital-portfolio', 'fabric-ventures-portfolio', 'framework-ventures-portfolio', 'galaxy-digital-portfolio', 'huobi-capital-portfolio', 'alameda-research-portfolio', 'a16z-portfolio', '1confirmation-portfolio', 'winklevoss-capital-portfolio', 'usv-portfolio', 'placeholder-ventures-portfolio', 'pantera-capital-portfolio', 'multicoin-capital-portfolio', 'paradigm-portfolio', 'bitcoin-ecosystem', 'layer-1', 'ftx-bankruptcy-estate', '2017-2018-alt-season', 'us-strategic-crypto-reserve', 'binance-ecosystem', 'binance-listing']",21000000.0,19911262.0,19911262.0,False,Data inaccessible by API,1.0,Data inaccessible by API,Data inaccessible by API,Data inaccessible by API,2025-08-25T10:19:00.000Z,111505.54979164782,80886438204.83508,53.7412,-0.01694861,-2.81785936,-3.195657,-5.22827625,3.85783086,1.5071743,2220216216355.545,57.4286,2341616545624.6,Data inaccessible by API,2025-08-25T10:19:00.000Z,Data inaccessible by API,Data inaccessible by API,Data inaccessible by API,Data inaccessible by API,Data inaccessible by API,2025-08-25 15:49:43.873724
1,1027,Ethereum,ETH,ethereum,10469,2015-08-07T00:00:00.000Z,"['pos', 'smart-contracts', 'ethereum-ecosystem', 'coinbase-ventures-portfolio', 'three-arrows-capital-portfolio', 'polychain-capital-portfolio', 'binance-labs-portfolio', 'blockchain-capital-portfolio', 'boostvc-portfolio', 'cms-holdings-portfolio', 'dcg-portfolio', 'dragonfly-capital-portfolio', 'electric-capital-portfolio', 'fabric-ventures-portfolio', 'framework-ventures-portfolio', 'hashkey-capital-portfolio', 'kenetic-capital-portfolio', 'huobi-capital-portfolio', 'alameda-research-portfolio', 'a16z-portfolio', '1confirmation-portfolio', 'winklevoss-capital-portfolio', 'usv-portfolio', 'placeholder-ventures-portfolio', 'pantera-capital-portfolio', 'multicoin-capital-portfolio', 'paradigm-portfolio', 'ethereum-pow-ecosystem', 'layer-1', 'ftx-bankruptcy-estate', 'sora-ecosystem', 'rsk-rbtc-ecosystem', 'world-liberty-financial-portfolio', 'us-strategic-crypto-reserve', 'binance-ecosystem', 'binance-listing']",Data inaccessible by API,120707098.1711658,120707098.1711658,True,Data inaccessible by API,2.0,Data inaccessible by API,Data inaccessible by API,Data inaccessible by API,2025-08-25T10:19:00.000Z,4589.1278329875295,62454139758.29961,124.0956,-0.28730116,-3.57512568,6.83084625,21.96016359,86.30996658,74.16125321,553940303856.4551,14.3277,553940303856.46,Data inaccessible by API,2025-08-25T10:19:00.000Z,Data inaccessible by API,Data inaccessible by API,Data inaccessible by API,Data inaccessible by API,Data inaccessible by API,2025-08-25 15:49:43.873724
2,52,XRP,XRP,xrp,1681,2013-08-04T00:00:00.000Z,"['medium-of-exchange', 'enterprise-solutions', 'xrp-ecosystem', 'arrington-xrp-capital-portfolio', 'galaxy-digital-portfolio', 'a16z-portfolio', 'pantera-capital-portfolio', 'ftx-bankruptcy-estate', '2017-2018-alt-season', 'klaytn-ecosystem', 'made-in-america', 'us-strategic-crypto-reserve', 'binance-ecosystem', 'binance-listing']",100000000000.0,59482264023.0,99985819185.0,False,Data inaccessible by API,3.0,Data inaccessible by API,Data inaccessible by API,Data inaccessible by API,2025-08-25T10:19:00.000Z,2.9459112136347025,7628851818.35364,116.9463,0.04523743,-2.36428775,-0.58539165,-8.05687151,35.19177187,27.12122548,175229468597.73575,4.5323,294591121363.47,Data inaccessible by API,2025-08-25T10:19:00.000Z,Data inaccessible by API,Data inaccessible by API,Data inaccessible by API,Data inaccessible by API,Data inaccessible by API,2025-08-25 15:49:43.873724
3,825,Tether USDt,USDT,tether,142590,2015-02-25T00:00:00.000Z,"['stablecoin', 'asset-backed-stablecoin', 'usd-stablecoin', 'ethereum-pow-ecosystem', 'fiat-stablecoin', 'tron20-ecosystem', 'rsk-rbtc-ecosystem', 'world-liberty-financial-portfolio', 'binance-ecosystem', 'binance-listing', 'peaq-ecosystem', 'apertum-ecosystem', 'etherlink-ecosystem', 'duckchain-ecosystem', 'onus-ecosystem', 'zedxion-smart-chain-ecosystem']",Data inaccessible by API,167150540379.7628,169734252948.3468,True,Data inaccessible by API,4.0,Data inaccessible by API,Data inaccessible by API,Data inaccessible by API,2025-08-25T10:18:00.000Z,0.9998129844273612,166688509561.61917,83.8669,0.02112726,0.03147479,-0.09019102,-0.04552654,-0.05845871,-0.04695292,167119280625.73682,4.3226,169702509999.84,Data inaccessible by API,2025-08-25T10:18:00.000Z,1027.0,Ethereum,ETH,ethereum,0xdac17f958d2ee523a2206206994597c13d831ec7,2025-08-25 15:49:43.873724
4,1839,BNB,BNB,bnb,2679,2017-07-25T00:00:00.000Z,"['marketplace', 'centralized-exchange', 'payments', 'smart-contracts', 'alameda-research-portfolio', 'multicoin-capital-portfolio', 'bnb-chain-ecosystem', 'layer-1', 'alleged-sec-securities', 'celsius-bankruptcy-estate', 'binance-ecosystem', 'binance-listing']",Data inaccessible by API,139287317.95,139287317.95,False,Data inaccessible by API,5.0,Data inaccessible by API,Data inaccessible by API,Data inaccessible by API,2025-08-25T10:18:00.000Z,858.0090461061434,3099487233.123723,34.4681,-0.18268725,-0.76861662,3.21125667,9.39920679,32.65003404,25.82862332,119509778808.9626,3.0911,119509778808.96,Data inaccessible by API,2025-08-25T10:18:00.000Z,Data inaccessible by API,Data inaccessible by API,Data inaccessible by API,Data inaccessible by API,Data inaccessible by API,2025-08-25 15:49:43.873724
5,5426,Solana,SOL,solana,974,2020-04-10T00:00:00.000Z,"['pos', 'platform', 'solana-ecosystem', 'cms-holdings-portfolio', 'kenetic-capital-portfolio', 'alameda-research-portfolio', 'multicoin-capital-portfolio', 'okx-ventures-portfolio', 'layer-1', 'ftx-bankruptcy-estate', 'alleged-sec-securities', 'cmc-crypto-awards-2024', 'made-in-america', 'us-strategic-crypto-reserve', 'binance-ecosystem', 'binance-listing']",Data inaccessible by API,540437373.5059353,608187600.7552623,True,Data inaccessible by API,6.0,525236893.3,103806661588.52013,Data inaccessible by API,2025-08-25T10:19:00.000Z,197.63779527427212,13601494742.527945,104.9134,-0.88513025,-4.57826077,9.1467368,4.42135167,37.23793015,12.27037598,106810850983.5314,2.7627,120200856526.42,Data inaccessible by API,2025-08-25T10:19:00.000Z,Data inaccessible by API,Data inaccessible by API,Data inaccessible by API,Data inaccessible by API,Data inaccessible by API,2025-08-25 15:49:43.873724
6,3408,USDC,USDC,usd-coin,30811,2018-10-08T00:00:00.000Z,"['medium-of-exchange', 'stablecoin', 'asset-backed-stablecoin', 'coinbase-ventures-portfolio', 'usd-stablecoin', 'ethereum-pow-ecosystem', 'fiat-stablecoin', 'tron20-ecosystem', 'made-in-america', 'world-liberty-financial-portfolio', 'sonic-ecosystem', 'binance-ecosystem', 'binance-listing', 'etherlink-ecosystem', 'unichain-ecosystem', 'vector-smart-chain-ecosystem']",Data inaccessible by API,67411752760.74382,67411752760.74382,False,Data inaccessible by API,7.0,60901219650.23,60887796842.004135,Data inaccessible by API,2025-08-25T10:19:00.000Z,0.9997795970540004,22937741356.94613,123.0455,-0.00833301,0.01839462,-0.01083478,-0.00733287,0.01195177,-0.00468505,67396895011.84036,1.7432,67396895011.84,Data inaccessible by API,2025-08-25T10:19:00.000Z,1027.0,Ethereum,ETH,ethereum,0xa0b86991c6218b36c1d19d4a2e9eb0ce3606eb48,2025-08-25 15:49:43.873724
7,1958,TRON,TRX,tron,1216,2017-09-13T00:00:00.000Z,"['media', 'payments', 'tron-ecosystem', 'layer-1', 'dwf-labs-portfolio', 'alleged-sec-securities', '2017-2018-alt-season', 'tron20-ecosystem', 'world-liberty-financial-portfolio', 'binance-ecosystem', 'binance-listing']",Data inaccessible by API,94667978256.1305,94667991686.2935,True,Data inaccessible by API,8.0,71659659264.0,25245709107.911102,Data inaccessible by API,2025-08-25T10:19:00.000Z,0.3523001555854998,1657127325.9071667,120.0919,0.08351863,-3.613955,1.74436727,11.19528401,29.66853807,26.93405105,33351543468.599487,0.8626,33351548200.05,Data inaccessible by API,2025-08-25T10:19:00.000Z,Data inaccessible by API,Data inaccessible by API,Data inaccessible by API,Data inaccessible by API,Data inaccessible by API,2025-08-25 15:49:43.873724
8,74,Dogecoin,DOGE,dogecoin,1276,2013-12-15T00:00:00.000Z,"['mineable', 'pow', 'scrypt', 'medium-of-exchange', 'memes', 'payments', 'doggone-doggerel', 'osmosis-ecosystem', 'ftx-bankruptcy-estate', 'animal-memes', 'made-in-america', 'binance-ecosystem', 'binance-listing']",Data inaccessible by API,150663036383.70523,150663036383.70523,True,Data inaccessible by API,9.0,Data inaccessible by API,Data inaccessible by API,Data inaccessible by API,2025-08-25T10:18:00.000Z,0.219750841651591,3974777787.7866673,140.5771,-0.20348795,-4.76927544,-1.16755448,-8.18099825,35.08158665,-3.85994229,33108329051.103504,0.8564,33108329051.1,Data inaccessible by API,2025-08-25T10:18:00.000Z,Data inaccessible by API,Data inaccessible by API,Data inaccessible by API,Data inaccessible by API,Data inaccessible by API,2025-08-25 15:49:43.873724
9,2010,Cardano,ADA,cardano,1567,2017-10-01T00:00:00.000Z,"['dpos', 'pos', 'platform', 'research', 'smart-contracts', 'staking', 'cardano-ecosystem', 'cardano', 'layer-1', 'alleged-sec-securities', '2017-2018-alt-season', 'made-in-america', 'us-strategic-crypto-reserve', 'binance-ecosystem', 'binance-listing']",45000000000.0,35724891762.85982,44994674679.3984,False,Data inaccessible by API,10.0,37997904336.0,32994858028.916336,Data inaccessible by API,2025-08-25T10:18:00.000Z,0.8683336253798694,2783152457.349488,167.4058,-0.05416913,-3.1189181,-4.73265918,4.83400495,53.79451112,13.01216238,31021124780.747498,0.8024,39075013142.09,Data inaccessible by API,2025-08-25T10:18:00.000Z,Data inaccessible by API,Data inaccessible by API,Data inaccessible by API,Data inaccessible by API,Data inaccessible by API,2025-08-25 15:49:43.873724
10,1975,Chainlink,LINK,chainlink,2069,2017-09-20T00:00:00.000Z,"['platform', 'defi', 'interoperability', 'oracles', 'smart-contracts', 'ethereum-ecosystem', 'polkadot', 'heco-ecosystem', 'avalanche-ecosystem', 'solana-ecosystem', 'framework-ventures-portfolio', 'polygon-ecosystem', 'fantom-ecosystem', 'cardano-ecosystem', 'terra-ecosystem', 'web3', 'near-protocol-ecosystem', 'arbitrum-ecosystem', 'cross-chain', 'cardano', 'injective-ecosystem', 'bnb-chain-ecosystem', 'optimism-ecosystem', 'real-world-assets-protocols', 'gnosis-chain-ecosystem', 'sora-ecosystem', 'hoo-smart-chain-ecosystem', 'milkomeda-ecosystem', 'energi-ecosystem', 'made-in-america', 'world-liberty-financial-portfolio', 'binance-ecosystem', 'binance-listing', 'robotics']",1000000000.0,678099970.4527867,1000000000.0,False,Data inaccessible by API,11.0,Data inaccessible by API,Data inaccessible by API,Data inaccessible by API,2025-08-25T10:19:00.000Z,24.74520944791798,2092340291.243089,81.9841,-1.05717883,-2.40722538,-0.92840941,34.46973706,87.51875774,55.81731356,16779725795.4812,0.434,24745209447.92,Data inaccessible by API,2025-08-25T10:19:00.000Z,1027.0,Ethereum,ETH,ethereum,0x514910771af9ca656af840dff83e8264ecf986ca,2025-08-25 15:49:43.873724
11,32196,Hyperliquid,HYPE,hyperliquid,135,2024-07-15T10:14:50.000Z,"['decentralized-exchange-dex-token', 'defi', 'derivatives', 'layer-1', 'hyperliquid-ecosystem', 'binance-ecosystem', 'binance-listing']",1000000000.0,333928180.0,999993930.0,False,Data inaccessible by API,12.0,333931719.0,15258674396.070454,Data inaccessible by API,2025-08-25T10:19:00.000Z,45.6939952927037,301980840.74044985,120.2826,1.29349088,4.15570492,5.8949991,2.35478257,22.58685506,23.57783984,15258512685.021112,0.3947,45693995292.7,Data inaccessible by API,2025-08-25T10:19:00.000Z,32196.0,Hyperliquid,HYPE,hyperliquid,0x0d01dc56dcaaca66ad901c959b4011ec,2025-08-25 15:49:43.873724
12,512,Stellar,XLM,stellar,741,2014-08-05T00:00:00.000Z,"['medium-of-exchange', 'enterprise-solutions', 'decentralized-exchange-dex-token', 'defi', 'smart-contracts', 'hashkey-capital-portfolio', 'real-world-assets-protocols', '2017-2018-alt-season', 'made-in-america', 'binance-ecosystem', 'binance-listing']",50001806812.0,31351085043.612007,50001786889.0645,False,Data inaccessible by API,13.0,31531408660.0,12343468399.591469,Data inaccessible by API,2025-08-25T10:19:00.000Z,0.3914658089871544,385109517.9782679,99.6213,-0.27666146,-3.72822376,-3.78598221,-11.34483509,62.95644809,35.38588476,12272877869.222652,0.3174,19573997754.48,Data inaccessible by API,2025-08-25T10:19:00.000Z,Data inaccessible by API,Data inaccessible by API,Data inaccessible by API,Data inaccessible by API,Data inaccessible by API,2025-08-25 15:49:43.873724
13,20947,Sui,SUI,sui,750,2022-07-12T08:03:11.000Z,"['binance-launchpool', 'coinbase-ventures-portfolio', 'binance-labs-portfolio', 'electric-capital-portfolio', 'a16z-portfolio', 'sui-ecosystem', 'layer-1', 'move-vm', 'cmc-crypto-yearbook-2024-2025', 'made-in-america', 'world-liberty-financial-portfolio', 'binance-ecosystem', 'binance-listing']",10000000000.0,3511924479.5699987,10000000000.0,False,Data inaccessible by API,14.0,3511924479.57,12202777721.188765,Data inaccessible by API,2025-08-25T10:19:00.000Z,3.4746697408148344,1995148226.5011232,151.6023,-0.2202196,-4.86217478,-2.28649534,-14.1865822,29.50038681,-1.95107932,12202777721.18876,0.3156,34746697408.15,Data inaccessible by API,2025-08-25T10:19:00.000Z,Data inaccessible by API,Data inaccessible by API,Data inaccessible by API,Data inaccessible by API,Data inaccessible by API,2025-08-25 15:49:43.873724
14,29470,Ethena USDe,USDe,ethena-usde,200,2024-02-20T11:05:01.000Z,"['stablecoin', 'asset-backed-stablecoin', 'binance-labs-portfolio', 'dragonfly-capital-portfolio', 'usd-stablecoin', 'eigenlayer-ecosystem', 'binance-ecosystem']",Data inaccessible by API,12084889586.033997,12084889586.033997,True,Data inaccessible by API,15.0,Data inaccessible by API,Data inaccessible by API,Data inaccessible by API,2025-08-25T10:18:00.000Z,1.0004622098336842,257265541.3477718,33.0792,-0.00222555,0.02501683,-0.08560501,-0.06119854,0.03427285,-0.0258316,12090475340.83965,0.3127,12090475340.84,Data inaccessible by API,2025-08-25T10:18:00.000Z,1027.0,Ethereum,ETH,ethereum,0x4c9edd5852cd905f086c759e8383e09bff1e68b3,2025-08-25 15:49:43.873724
0,1,Bitcoin,BTC,bitcoin,12290,2010-07-13T00:00:00.000Z,"['mineable', 'pow', 'sha-256', 'store-of-value', 'state-channel', 'coinbase-ventures-portfolio', 'three-arrows-capital-portfolio', 'polychain-capital-portfolio', 'binance-labs-portfolio', 'blockchain-capital-portfolio', 'boostvc-portfolio', 'cms-holdings-portfolio', 'dcg-portfolio', 'dragonfly-capital-portfolio', 'electric-capital-portfolio', 'fabric-ventures-portfolio', 'framework-ventures-portfolio', 'galaxy-digital-portfolio', 'huobi-capital-portfolio', 'alameda-research-portfolio', 'a16z-portfolio', '1confirmation-portfolio', 'winklevoss-capital-portfolio', 'usv-portfolio', 'placeholder-ventures-portfolio', 'pantera-capital-portfolio', 'multicoin-capital-portfolio', 'paradigm-portfolio', 'bitcoin-ecosystem', 'layer-1', 'ftx-bankruptcy-estate', '2017-2018-alt-season', 'us-strategic-crypto-reserve', 'binance-ecosystem', 'binance-listing']",21000000.0,19911262.0,19911262.0,False,Data inaccessible by API,1.0,Data inaccessible by API,Data inaccessible by API,Data inaccessible by API,2025-08-25T10:19:00.000Z,111505.54979164782,80886438204.83508,53.7412,-0.01694861,-2.81785936,-3.195657,-5.22827625,3.85783086,1.5071743,2220216216355.545,57.4286,2341616545624.6,Data inaccessible by API,2025-08-25T10:19:00.000Z,Data inaccessible by API,Data inaccessible by API,Data inaccessible by API,Data inaccessible by API,Data inaccessible by API,2025-08-25 15:50:44.703812
1,1027,Ethereum,ETH,ethereum,10469,2015-08-07T00:00:00.000Z,"['pos', 'smart-contracts', 'ethereum-ecosystem', 'coinbase-ventures-portfolio', 'three-arrows-capital-portfolio', 'polychain-capital-portfolio', 'binance-labs-portfolio', 'blockchain-capital-portfolio', 'boostvc-portfolio', 'cms-holdings-portfolio', 'dcg-portfolio', 'dragonfly-capital-portfolio', 'electric-capital-portfolio', 'fabric-ventures-portfolio', 'framework-ventures-portfolio', 'hashkey-capital-portfolio', 'kenetic-capital-portfolio', 'huobi-capital-portfolio', 'alameda-research-portfolio', 'a16z-portfolio', '1confirmation-portfolio', 'winklevoss-capital-portfolio', 'usv-portfolio', 'placeholder-ventures-portfolio', 'pantera-capital-portfolio', 'multicoin-capital-portfolio', 'paradigm-portfolio', 'ethereum-pow-ecosystem', 'layer-1', 'ftx-bankruptcy-estate', 'sora-ecosystem', 'rsk-rbtc-ecosystem', 'world-liberty-financial-portfolio', 'us-strategic-crypto-reserve', 'binance-ecosystem', 'binance-listing']",Data inaccessible by API,120707098.1711658,120707098.1711658,True,Data inaccessible by API,2.0,Data inaccessible by API,Data inaccessible by API,Data inaccessible by API,2025-08-25T10:20:00.000Z,4579.234023089382,62327891397.83561,123.2675,-0.55346369,-3.73349358,6.50615814,21.69375095,85.93714117,73.84169252,552746050773.7926,14.2968,552746050773.79,Data inaccessible by API,2025-08-25T10:20:00.000Z,Data inaccessible by API,Data inaccessible by API,Data inaccessible by API,Data inaccessible by API,Data inaccessible by API,2025-08-25 15:50:44.703812
2,52,XRP,XRP,xrp,1681,2013-08-04T00:00:00.000Z,"['medium-of-exchange', 'enterprise-solutions', 'xrp-ecosystem', 'arrington-xrp-capital-portfolio', 'galaxy-digital-portfolio', 'a16z-portfolio', 'pantera-capital-portfolio', 'ftx-bankruptcy-estate', '2017-2018-alt-season', 'klaytn-ecosystem', 'made-in-america', 'us-strategic-crypto-reserve', 'binance-ecosystem', 'binance-listing']",100000000000.0,59482264023.0,99985819185.0,False,Data inaccessible by API,3.0,Data inaccessible by API,Data inaccessible by API,Data inaccessible by API,2025-08-25T10:20:00.000Z,2.9452697655046274,7628326117.165715,116.9366,0.02314764,-2.36790162,-0.62623847,-8.06695138,35.15101235,27.11243718,175191313810.70554,4.5313,294526976550.46,Data inaccessible by API,2025-08-25T10:20:00.000Z,Data inaccessible by API,Data inaccessible by API,Data inaccessible by API,Data inaccessible by API,Data inaccessible by API,2025-08-25 15:50:44.703812
3,825,Tether USDt,USDT,tether,142590,2015-02-25T00:00:00.000Z,"['stablecoin', 'asset-backed-stablecoin', 'usd-stablecoin', 'ethereum-pow-ecosystem', 'fiat-stablecoin', 'tron20-ecosystem', 'rsk-rbtc-ecosystem', 'world-liberty-financial-portfolio', 'binance-ecosystem', 'binance-listing', 'peaq-ecosystem', 'apertum-ecosystem', 'etherlink-ecosystem', 'duckchain-ecosystem', 'onus-ecosystem', 'zedxion-smart-chain-ecosystem']",Data inaccessible by API,167150540379.7628,169734252948.3468,True,Data inaccessible by API,4.0,Data inaccessible by API,Data inaccessible by API,Data inaccessible by API,2025-08-25T10:19:00.000Z,0.9998787243676897,166653022861.55557,84.7975,0.0137538,0.03518686,-0.06515953,-0.03105823,-0.02722913,-0.0376835,167130269092.2872,4.3228,169713668319.5,Data inaccessible by API,2025-08-25T10:19:00.000Z,1027.0,Ethereum,ETH,ethereum,0xdac17f958d2ee523a2206206994597c13d831ec7,2025-08-25 15:50:44.703812
4,1839,BNB,BNB,bnb,2679,2017-07-25T00:00:00.000Z,"['marketplace', 'centralized-exchange', 'payments', 'smart-contracts', 'alameda-research-portfolio', 'multicoin-capital-portfolio', 'bnb-chain-ecosystem', 'layer-1', 'alleged-sec-securities', 'celsius-bankruptcy-estate', 'binance-ecosystem', 'binance-listing']",Data inaccessible by API,139287317.95,139287317.95,False,Data inaccessible by API,5.0,Data inaccessible by API,Data inaccessible by API,Data inaccessible by API,2025-08-25T10:19:00.000Z,857.2588588640848,3096994325.817607,34.5235,-0.29240262,-0.77590626,3.12215161,9.3055369,32.53220489,25.73727528,119405287240.05594,3.0884,119405287240.06,Data inaccessible by API,2025-08-25T10:19:00.000Z,Data inaccessible by API,Data inaccessible by API,Data inaccessible by API,Data inaccessible by API,Data inaccessible by API,2025-08-25 15:50:44.703812
5,5426,Solana,SOL,solana,974,2020-04-10T00:00:00.000Z,"['pos', 'platform', 'solana-ecosystem', 'cms-holdings-portfolio', 'kenetic-capital-portfolio', 'alameda-research-portfolio', 'multicoin-capital-portfolio', 'okx-ventures-portfolio', 'layer-1', 'ftx-bankruptcy-estate', 'alleged-sec-securities', 'cmc-crypto-awards-2024', 'made-in-america', 'us-strategic-crypto-reserve', 'binance-ecosystem', 'binance-listing']",Data inaccessible by API,540437373.5059353,608187600.7552623,True,Data inaccessible by API,6.0,525236893.3,103806661588.52013,Data inaccessible by API,2025-08-25T10:19:00.000Z,197.63779527427212,13601494742.527945,104.9134,-0.88513025,-4.57826077,9.1467368,4.42135167,37.23793015,12.27037598,106810850983.5314,2.7627,120200856526.42,Data inaccessible by API,2025-08-25T10:19:00.000Z,Data inaccessible by API,Data inaccessible by API,Data inaccessible by API,Data inaccessible by API,Data inaccessible by API,2025-08-25 15:50:44.703812
6,3408,USDC,USDC,usd-coin,30811,2018-10-08T00:00:00.000Z,"['medium-of-exchange', 'stablecoin', 'asset-backed-stablecoin', 'coinbase-ventures-portfolio', 'usd-stablecoin', 'ethereum-pow-ecosystem', 'fiat-stablecoin', 'tron20-ecosystem', 'made-in-america', 'world-liberty-financial-portfolio', 'sonic-ecosystem', 'binance-ecosystem', 'binance-listing', 'etherlink-ecosystem', 'unichain-ecosystem', 'vector-smart-chain-ecosystem']",Data inaccessible by API,67411752760.74382,67411752760.74382,False,Data inaccessible by API,7.0,60901219650.23,60887796842.004135,Data inaccessible by API,2025-08-25T10:19:00.000Z,0.9997795970540004,22937741356.94613,123.0455,-0.00833301,0.01839462,-0.01083478,-0.00733287,0.01195177,-0.00468505,67396895011.84036,1.7432,67396895011.84,Data inaccessible by API,2025-08-25T10:19:00.000Z,1027.0,Ethereum,ETH,ethereum,0xa0b86991c6218b36c1d19d4a2e9eb0ce3606eb48,2025-08-25 15:50:44.703812
7,1958,TRON,TRX,tron,1216,2017-09-13T00:00:00.000Z,"['media', 'payments', 'tron-ecosystem', 'layer-1', 'dwf-labs-portfolio', 'alleged-sec-securities', '2017-2018-alt-season', 'tron20-ecosystem', 'world-liberty-financial-portfolio', 'binance-ecosystem', 'binance-listing']",Data inaccessible by API,94667978256.1305,94667991686.2935,True,Data inaccessible by API,8.0,71659659264.0,25241221628.21608,Data inaccessible by API,2025-08-25T10:20:00.000Z,0.3522375334667078,1656815463.6532311,120.2932,0.06656477,-3.61945189,1.71933048,11.17862773,29.63995519,26.9106529,33345615159.219334,0.8625,33345619889.83,Data inaccessible by API,2025-08-25T10:20:00.000Z,Data inaccessible by API,Data inaccessible by API,Data inaccessible by API,Data inaccessible by API,Data inaccessible by API,2025-08-25 15:50:44.703812
8,74,Dogecoin,DOGE,dogecoin,1276,2013-12-15T00:00:00.000Z,"['mineable', 'pow', 'scrypt', 'medium-of-exchange', 'memes', 'payments', 'doggone-doggerel', 'osmosis-ecosystem', 'ftx-bankruptcy-estate', 'animal-memes', 'made-in-america', 'binance-ecosystem', 'binance-listing']",Data inaccessible by API,150663036383.70523,150663036383.70523,True,Data inaccessible by API,9.0,Data inaccessible by API,Data inaccessible by API,Data inaccessible by API,2025-08-25T10:19:00.000Z,0.2194018814304998,3977095832.1298,142.6924,-0.41852611,-4.75095176,-1.33117558,-8.30902957,34.84260123,-4.00852266,33055753644.616776,0.855,33055753644.62,Data inaccessible by API,2025-08-25T10:19:00.000Z,Data inaccessible by API,Data inaccessible by API,Data inaccessible by API,Data inaccessible by API,Data inaccessible by API,2025-08-25 15:50:44.703812
9,2010,Cardano,ADA,cardano,1567,2017-10-01T00:00:00.000Z,"['dpos', 'pos', 'platform', 'research', 'smart-contracts', 'staking', 'cardano-ecosystem', 'cardano', 'layer-1', 'alleged-sec-securities', '2017-2018-alt-season', 'made-in-america', 'us-strategic-crypto-reserve', 'binance-ecosystem', 'binance-listing']",45000000000.0,35724891762.85982,44994674679.3984,False,Data inaccessible by API,10.0,37997904336.0,32966670122.08301,Data inaccessible by API,2025-08-25T10:19:00.000Z,0.867591797446832,2780640243.5697765,166.7733,-0.26516604,-3.09183954,-4.8149704,4.75458722,53.64745779,12.93399674,30994623058.13307,0.8017,39041630885.11,Data inaccessible by API,2025-08-25T10:19:00.000Z,Data inaccessible by API,Data inaccessible by API,Data inaccessible by API,Data inaccessible by API,Data inaccessible by API,2025-08-25 15:50:44.703812
10,1975,Chainlink,LINK,chainlink,2069,2017-09-20T00:00:00.000Z,"['platform', 'defi', 'interoperability', 'oracles', 'smart-contracts', 'ethereum-ecosystem', 'polkadot', 'heco-ecosystem', 'avalanche-ecosystem', 'solana-ecosystem', 'framework-ventures-portfolio', 'polygon-ecosystem', 'fantom-ecosystem', 'cardano-ecosystem', 'terra-ecosystem', 'web3', 'near-protocol-ecosystem', 'arbitrum-ecosystem', 'cross-chain', 'cardano', 'injective-ecosystem', 'bnb-chain-ecosystem', 'optimism-ecosystem', 'real-world-assets-protocols', 'gnosis-chain-ecosystem', 'sora-ecosystem', 'hoo-smart-chain-ecosystem', 'milkomeda-ecosystem', 'energi-ecosystem', 'made-in-america', 'world-liberty-financial-portfolio', 'binance-ecosystem', 'binance-listing', 'robotics']",1000000000.0,678099970.4527867,1000000000.0,False,Data inaccessible by API,11.0,Data inaccessible by API,Data inaccessible by API,Data inaccessible by API,2025-08-25T10:19:00.000Z,24.74520944791798,2092340291.243089,81.9841,-1.05717883,-2.40722538,-0.92840941,34.46973706,87.51875774,55.81731356,16779725795.4812,0.434,24745209447.92,Data inaccessible by API,2025-08-25T10:19:00.000Z,1027.0,Ethereum,ETH,ethereum,0x514910771af9ca656af840dff83e8264ecf986ca,2025-08-25 15:50:44.703812
11,32196,Hyperliquid,HYPE,hyperliquid,135,2024-07-15T10:14:50.000Z,"['decentralized-exchange-dex-token', 'defi', 'derivatives', 'layer-1', 'hyperliquid-ecosystem', 'binance-ecosystem', 'binance-listing']",1000000000.0,333928180.0,999993930.0,False,Data inaccessible by API,12.0,333931719.0,15258674396.070454,Data inaccessible by API,2025-08-25T10:19:00.000Z,45.6939952927037,301980840.74044985,120.2826,1.29349088,4.15570492,5.8949991,2.35478257,22.58685506,23.57783984,15258512685.021112,0.3947,45693995292.7,Data inaccessible by API,2025-08-25T10:19:00.000Z,32196.0,Hyperliquid,HYPE,hyperliquid,0x0d01dc56dcaaca66ad901c959b4011ec,2025-08-25 15:50:44.703812
12,512,Stellar,XLM,stellar,741,2014-08-05T00:00:00.000Z,"['medium-of-exchange', 'enterprise-solutions', 'decentralized-exchange-dex-token', 'defi', 'smart-contracts', 'hashkey-capital-portfolio', 'real-world-assets-protocols', '2017-2018-alt-season', 'made-in-america', 'binance-ecosystem', 'binance-listing']",50001806812.0,31351085043.612007,50001786889.0645,False,Data inaccessible by API,13.0,31531408660.0,12340493263.629066,Data inaccessible by API,2025-08-25T10:20:00.000Z,0.3913714543075243,385341339.76461005,99.6837,-0.30102526,-3.72763014,-3.81539241,-11.35404796,62.9124387,35.35647743,12269919747.637304,0.3174,19569279850.02,Data inaccessible by API,2025-08-25T10:20:00.000Z,Data inaccessible by API,Data inaccessible by API,Data inaccessible by API,Data inaccessible by API,Data inaccessible by API,2025-08-25 15:50:44.703812
13,20947,Sui,SUI,sui,750,2022-07-12T08:03:11.000Z,"['binance-launchpool', 'coinbase-ventures-portfolio', 'binance-labs-portfolio', 'electric-capital-portfolio', 'a16z-portfolio', 'sui-ecosystem', 'layer-1', 'move-vm', 'cmc-crypto-yearbook-2024-2025', 'made-in-america', 'world-liberty-financial-portfolio', 'binance-ecosystem', 'binance-listing']",10000000000.0,3511924479.5699987,10000000000.0,False,Data inaccessible by API,14.0,3511924479.57,12196565346.278309,Data inaccessible by API,2025-08-25T10:20:00.000Z,3.4729008033144426,1995867606.2050247,151.4739,-0.27567808,-4.87183459,-2.3512702,-14.24803946,29.4092035,-1.98577668,12196565346.278303,0.3155,34729008033.14,Data inaccessible by API,2025-08-25T10:20:00.000Z,Data inaccessible by API,Data inaccessible by API,Data inaccessible by API,Data inaccessible by API,Data inaccessible by API,2025-08-25 15:50:44.703812
14,29470,Ethena USDe,USDe,ethena-usde,200,2024-02-20T11:05:01.000Z,"['stablecoin', 'asset-backed-stablecoin', 'binance-labs-portfolio', 'dragonfly-capital-portfolio', 'usd-stablecoin', 'eigenlayer-ecosystem', 'binance-ecosystem']",Data inaccessible by API,12084889586.033997,12084889586.033997,True,Data inaccessible by API,15.0,Data inaccessible by API,Data inaccessible by API,Data inaccessible by API,2025-08-25T10:19:00.000Z,1.000471649224141,255726289.4821712,31.4468,0.01063392,0.02329165,-0.06293048,-0.06025561,0.03521667,-0.02488834,12090589414.83108,0.3127,12090589414.83,Data inaccessible by API,2025-08-25T10:19:00.000Z,1027.0,Ethereum,ETH,ethereum,0x4c9edd5852cd905f086c759e8383e09bff1e68b3,2025-08-25 15:50:44.703812
0,1,Bitcoin,BTC,bitcoin,12290,2010-07-13T00:00:00.000Z,"['mineable', 'pow', 'sha-256', 'store-of-value', 'state-channel', 'coinbase-ventures-portfolio', 'three-arrows-capital-portfolio', 'polychain-capital-portfolio', 'binance-labs-portfolio', 'blockchain-capital-portfolio', 'boostvc-portfolio', 'cms-holdings-portfolio', 'dcg-portfolio', 'dragonfly-capital-portfolio', 'electric-capital-portfolio', 'fabric-ventures-portfolio', 'framework-ventures-portfolio', 'galaxy-digital-portfolio', 'huobi-capital-portfolio', 'alameda-research-portfolio', 'a16z-portfolio', '1confirmation-portfolio', 'winklevoss-capital-portfolio', 'usv-portfolio', 'placeholder-ventures-portfolio', 'pantera-capital-portfolio', 'multicoin-capital-portfolio', 'paradigm-portfolio', 'bitcoin-ecosystem', 'layer-1', 'ftx-bankruptcy-estate', '2017-2018-alt-season', 'us-strategic-crypto-reserve', 'binance-ecosystem', 'binance-listing']",21000000.0,19911262.0,19911262.0,False,Data inaccessible by API,1.0,Data inaccessible by API,Data inaccessible by API,Data inaccessible by API,2025-08-25T10:22:00.000Z,111434.80797306534,80106955774.31343,52.1595,-0.09539038,-2.86047166,-3.33404025,-5.31176477,3.80560594,1.488718,2218807657471.393,57.3921,2340130967434.37,Data inaccessible by API,2025-08-25T10:22:00.000Z,Data inaccessible by API,Data inaccessible by API,Data inaccessible by API,Data inaccessible by API,Data inaccessible by API,2025-08-25 15:54:10.928083
1,1027,Ethereum,ETH,ethereum,10469,2015-08-07T00:00:00.000Z,"['pos', 'smart-contracts', 'ethereum-ecosystem', 'coinbase-ventures-portfolio', 'three-arrows-capital-portfolio', 'polychain-capital-portfolio', 'binance-labs-portfolio', 'blockchain-capital-portfolio', 'boostvc-portfolio', 'cms-holdings-portfolio', 'dcg-portfolio', 'dragonfly-capital-portfolio', 'electric-capital-portfolio', 'fabric-ventures-portfolio', 'framework-ventures-portfolio', 'hashkey-capital-portfolio', 'kenetic-capital-portfolio', 'huobi-capital-portfolio', 'alameda-research-portfolio', 'a16z-portfolio', '1confirmation-portfolio', 'winklevoss-capital-portfolio', 'usv-portfolio', 'placeholder-ventures-portfolio', 'pantera-capital-portfolio', 'multicoin-capital-portfolio', 'paradigm-portfolio', 'ethereum-pow-ecosystem', 'layer-1', 'ftx-bankruptcy-estate', 'sora-ecosystem', 'rsk-rbtc-ecosystem', 'world-liberty-financial-portfolio', 'us-strategic-crypto-reserve', 'binance-ecosystem', 'binance-listing']",Data inaccessible by API,120707098.1711658,120707098.1711658,True,Data inaccessible by API,2.0,Data inaccessible by API,Data inaccessible by API,Data inaccessible by API,2025-08-25T10:23:00.000Z,4564.7250307494605,61492439040.59242,127.7844,-0.56536547,-3.89694794,6.22613042,21.26513884,85.55174453,73.29999,550994712411.053,14.2802,550994712411.05,Data inaccessible by API,2025-08-25T10:23:00.000Z,Data inaccessible by API,Data inaccessible by API,Data inaccessible by API,Data inaccessible by API,Data inaccessible by API,2025-08-25 15:54:10.928083
2,52,XRP,XRP,xrp,1681,2013-08-04T00:00:00.000Z,"['medium-of-exchange', 'enterprise-solutions', 'xrp-ecosystem', 'arrington-xrp-capital-portfolio', 'galaxy-digital-portfolio', 'a16z-portfolio', 'pantera-capital-portfolio', 'ftx-bankruptcy-estate', '2017-2018-alt-season', 'klaytn-ecosystem', 'made-in-america', 'us-strategic-crypto-reserve', 'binance-ecosystem', 'binance-listing']",100000000000.0,59482264023.0,99985819185.0,False,Data inaccessible by API,3.0,Data inaccessible by API,Data inaccessible by API,Data inaccessible by API,2025-08-25T10:23:00.000Z,2.939538276033117,7632002515.183829,117.0561,-0.14710015,-2.4975555,-0.81296869,-8.16124442,34.87063735,26.90820585,174850391840.71613,4.5316,293953827603.31,Data inaccessible by API,2025-08-25T10:23:00.000Z,Data inaccessible by API,Data inaccessible by API,Data inaccessible by API,Data inaccessible by API,Data inaccessible by API,2025-08-25 15:54:10.928083
3,825,Tether USDt,USDT,tether,142590,2015-02-25T00:00:00.000Z,"['stablecoin', 'asset-backed-stablecoin', 'usd-stablecoin', 'ethereum-pow-ecosystem', 'fiat-stablecoin', 'tron20-ecosystem', 'rsk-rbtc-ecosystem', 'world-liberty-financial-portfolio', 'binance-ecosystem', 'binance-listing', 'peaq-ecosystem', 'apertum-ecosystem', 'etherlink-ecosystem', 'duckchain-ecosystem', 'onus-ecosystem', 'zedxion-smart-chain-ecosystem']",Data inaccessible by API,167150540379.7628,169734252948.3468,True,Data inaccessible by API,4.0,Data inaccessible by API,Data inaccessible by API,Data inaccessible by API,2025-08-25T10:22:00.000Z,1.000303832744829,166964881771.5054,85.0979,0.03179121,0.05826651,-0.03698864,-0.00890741,-0.00935644,0.00052477,167201326187.24603,4.3334,169785823772.31,Data inaccessible by API,2025-08-25T10:22:00.000Z,1027.0,Ethereum,ETH,ethereum,0xdac17f958d2ee523a2206206994597c13d831ec7,2025-08-25 15:54:10.928083
4,1839,BNB,BNB,bnb,2679,2017-07-25T00:00:00.000Z,"['marketplace', 'centralized-exchange', 'payments', 'smart-contracts', 'alameda-research-portfolio', 'multicoin-capital-portfolio', 'bnb-chain-ecosystem', 'layer-1', 'alleged-sec-securities', 'celsius-bankruptcy-estate', 'binance-ecosystem', 'binance-listing']",Data inaccessible by API,139287317.95,139287317.95,False,Data inaccessible by API,5.0,Data inaccessible by API,Data inaccessible by API,Data inaccessible by API,2025-08-25T10:22:00.000Z,855.9684026044586,3099156310.9889007,34.5699,-0.44278709,-0.84990617,2.96104542,9.17157415,32.33456896,25.55938869,119225543048.7208,3.09,119225543048.72,Data inaccessible by API,2025-08-25T10:22:00.000Z,Data inaccessible by API,Data inaccessible by API,Data inaccessible by API,Data inaccessible by API,Data inaccessible by API,2025-08-25 15:54:10.928083
5,5426,Solana,SOL,solana,974,2020-04-10T00:00:00.000Z,"['pos', 'platform', 'solana-ecosystem', 'cms-holdings-portfolio', 'kenetic-capital-portfolio', 'alameda-research-portfolio', 'multicoin-capital-portfolio', 'okx-ventures-portfolio', 'layer-1', 'ftx-bankruptcy-estate', 'alleged-sec-securities', 'cmc-crypto-awards-2024', 'made-in-america', 'us-strategic-crypto-reserve', 'binance-ecosystem', 'binance-listing']",Data inaccessible by API,540437373.5059353,608187600.7552623,True,Data inaccessible by API,6.0,525236893.3,103482818255.95818,Data inaccessible by API,2025-08-25T10:22:00.000Z,197.0212290416009,13636712465.210072,105.2492,-1.19727332,-4.63383518,8.74107197,4.1210747,36.75349124,11.95180333,106477635548.15408,2.761,119825868588.66,Data inaccessible by API,2025-08-25T10:22:00.000Z,Data inaccessible by API,Data inaccessible by API,Data inaccessible by API,Data inaccessible by API,Data inaccessible by API,2025-08-25 15:54:10.928083
6,3408,USDC,USDC,usd-coin,30811,2018-10-08T00:00:00.000Z,"['medium-of-exchange', 'stablecoin', 'asset-backed-stablecoin', 'coinbase-ventures-portfolio', 'usd-stablecoin', 'ethereum-pow-ecosystem', 'fiat-stablecoin', 'tron20-ecosystem', 'made-in-america', 'world-liberty-financial-portfolio', 'sonic-ecosystem', 'binance-ecosystem', 'binance-listing', 'etherlink-ecosystem', 'unichain-ecosystem', 'vector-smart-chain-ecosystem']",Data inaccessible by API,67411752760.74382,67411752760.74382,False,Data inaccessible by API,7.0,60901219650.23,60915896569.24136,Data inaccessible by API,2025-08-25T10:22:00.000Z,1.0002409954857332,22984930840.59435,123.3677,0.02575506,0.03329861,0.0139679,0.02056038,0.03503459,0.0404927,67427998688.84452,1.7475,67427998688.84,Data inaccessible by API,2025-08-25T10:22:00.000Z,1027.0,Ethereum,ETH,ethereum,0xa0b86991c6218b36c1d19d4a2e9eb0ce3606eb48,2025-08-25 15:54:10.928083
7,1958,TRON,TRX,tron,1216,2017-09-13T00:00:00.000Z,"['media', 'payments', 'tron-ecosystem', 'layer-1', 'dwf-labs-portfolio', 'alleged-sec-securities', '2017-2018-alt-season', 'tron20-ecosystem', 'world-liberty-financial-portfolio', 'binance-ecosystem', 'binance-listing']",Data inaccessible by API,94667978256.1305,94667991686.2935,True,Data inaccessible by API,8.0,71659659264.0,25227712291.530388,Data inaccessible by API,2025-08-25T10:23:00.000Z,0.3520490126612164,1655966802.6198452,119.624,0.03580488,-3.62353736,1.59724938,11.16267638,29.53535689,26.86775953,33327768275.704243,0.8638,33327773003.78,Data inaccessible by API,2025-08-25T10:23:00.000Z,Data inaccessible by API,Data inaccessible by API,Data inaccessible by API,Data inaccessible by API,Data inaccessible by API,2025-08-25 15:54:10.928083
8,74,Dogecoin,DOGE,dogecoin,1276,2013-12-15T00:00:00.000Z,"['mineable', 'pow', 'scrypt', 'medium-of-exchange', 'memes', 'payments', 'doggone-doggerel', 'osmosis-ecosystem', 'ftx-bankruptcy-estate', 'animal-memes', 'made-in-america', 'binance-ecosystem', 'binance-listing']",Data inaccessible by API,150663036383.70523,150663036383.70523,True,Data inaccessible by API,9.0,Data inaccessible by API,Data inaccessible by API,Data inaccessible by API,2025-08-25T10:22:00.000Z,0.2188177019045731,3987151613.6627336,143.2808,-0.74862403,-4.92667066,-1.62971516,-8.5895575,34.36888818,-4.22464904,32967739383.44746,0.8549,32967739383.45,Data inaccessible by API,2025-08-25T10:22:00.000Z,Data inaccessible by API,Data inaccessible by API,Data inaccessible by API,Data inaccessible by API,Data inaccessible by API,2025-08-25 15:54:10.928083
9,2010,Cardano,ADA,cardano,1567,2017-10-01T00:00:00.000Z,"['dpos', 'pos', 'platform', 'research', 'smart-contracts', 'staking', 'cardano-ecosystem', 'cardano', 'layer-1', 'alleged-sec-securities', '2017-2018-alt-season', 'made-in-america', 'us-strategic-crypto-reserve', 'binance-ecosystem', 'binance-listing']",45000000000.0,35724891762.85982,44994674679.3984,False,Data inaccessible by API,10.0,37997904336.0,32869395180.96756,Data inaccessible by API,2025-08-25T10:22:00.000Z,0.8650317893933538,2788798707.701138,166.8496,-0.54196928,-3.29996238,-5.18924358,4.46527648,53.22415191,12.66519472,30903167047.510517,0.8009,38926430522.7,Data inaccessible by API,2025-08-25T10:22:00.000Z,Data inaccessible by API,Data inaccessible by API,Data inaccessible by API,Data inaccessible by API,Data inaccessible by API,2025-08-25 15:54:10.928083
10,1975,Chainlink,LINK,chainlink,2069,2017-09-20T00:00:00.000Z,"['platform', 'defi', 'interoperability', 'oracles', 'smart-contracts', 'ethereum-ecosystem', 'polkadot', 'heco-ecosystem', 'avalanche-ecosystem', 'solana-ecosystem', 'framework-ventures-portfolio', 'polygon-ecosystem', 'fantom-ecosystem', 'cardano-ecosystem', 'terra-ecosystem', 'web3', 'near-protocol-ecosystem', 'arbitrum-ecosystem', 'cross-chain', 'cardano', 'injective-ecosystem', 'bnb-chain-ecosystem', 'optimism-ecosystem', 'real-world-assets-protocols', 'gnosis-chain-ecosystem', 'sora-ecosystem', 'hoo-smart-chain-ecosystem', 'milkomeda-ecosystem', 'energi-ecosystem', 'made-in-america', 'world-liberty-financial-portfolio', 'binance-ecosystem', 'binance-listing', 'robotics']",1000000000.0,678099970.4527867,1000000000.0,False,Data inaccessible by API,11.0,Data inaccessible by API,Data inaccessible by API,Data inaccessible by API,2025-08-25T10:23:00.000Z,24.65191927806007,2132783526.1289368,85.8794,-1.40686726,-2.66918436,-1.36026011,33.98036296,86.69601666,55.25309149,16716465734.057016,0.4332,24651919278.06,Data inaccessible by API,2025-08-25T10:23:00.000Z,1027.0,Ethereum,ETH,ethereum,0x514910771af9ca656af840dff83e8264ecf986ca,2025-08-25 15:54:10.928083
11,32196,Hyperliquid,HYPE,hyperliquid,135,2024-07-15T10:14:50.000Z,"['decentralized-exchange-dex-token', 'defi', 'derivatives', 'layer-1', 'hyperliquid-ecosystem', 'binance-ecosystem', 'binance-listing']",1000000000.0,333928180.0,999993930.0,False,Data inaccessible by API,12.0,333931719.0,15219067587.748232,Data inaccessible by API,2025-08-25T10:22:00.000Z,45.57538778683145,302989804.8349046,120.8613,1.1510683,4.09804287,5.49695839,2.13460597,22.13980561,22.99872133,15218906296.450851,0.3944,45575387786.83,Data inaccessible by API,2025-08-25T10:22:00.000Z,32196.0,Hyperliquid,HYPE,hyperliquid,0x0d01dc56dcaaca66ad901c959b4011ec,2025-08-25 15:54:10.928083
12,512,Stellar,XLM,stellar,741,2014-08-05T00:00:00.000Z,"['medium-of-exchange', 'enterprise-solutions', 'decentralized-exchange-dex-token', 'defi', 'smart-contracts', 'hashkey-capital-portfolio', 'real-world-assets-protocols', '2017-2018-alt-season', 'made-in-america', 'binance-ecosystem', 'binance-listing']",50001806812.0,31351085043.612007,50001786889.0645,False,Data inaccessible by API,13.0,31531408660.0,12321441266.257347,Data inaccessible by API,2025-08-25T10:23:00.000Z,0.3907672314649246,385648714.5299904,99.4184,-0.35309331,-3.83127052,-3.9545731,-11.46802018,62.64506763,35.1929267,12250976705.91367,0.3175,19539067616.17,Data inaccessible by API,2025-08-25T10:23:00.000Z,Data inaccessible by API,Data inaccessible by API,Data inaccessible by API,Data inaccessible by API,Data inaccessible by API,2025-08-25 15:54:10.928083
13,20947,Sui,SUI,sui,750,2022-07-12T08:03:11.000Z,"['binance-launchpool', 'coinbase-ventures-portfolio', 'binance-labs-portfolio', 'electric-capital-portfolio', 'a16z-portfolio', 'sui-ecosystem', 'layer-1', 'move-vm', 'cmc-crypto-yearbook-2024-2025', 'made-in-america', 'world-liberty-financial-portfolio', 'binance-ecosystem', 'binance-listing']",10000000000.0,3511924479.5699987,10000000000.0,False,Data inaccessible by API,14.0,3511924479.57,12171936791.747955,Data inaccessible by API,2025-08-25T10:22:00.000Z,3.465887966143932,1996480736.594875,151.4111,-0.45572388,-5.00129435,-2.45829105,-14.43172743,29.13911497,-2.00253766,12171936791.74795,0.3156,34658879661.44,Data inaccessible by API,2025-08-25T10:22:00.000Z,Data inaccessible by API,Data inaccessible by API,Data inaccessible by API,Data inaccessible by API,Data inaccessible by API,2025-08-25 15:54:10.928083
14,29470,Ethena USDe,USDe,ethena-usde,200,2024-02-20T11:05:01.000Z,"['stablecoin', 'asset-backed-stablecoin', 'binance-labs-portfolio', 'dragonfly-capital-portfolio', 'usd-stablecoin', 'eigenlayer-ecosystem', 'binance-ecosystem']",Data inaccessible by API,12084889586.033997,12084889586.033997,True,Data inaccessible by API,15.0,Data inaccessible by API,Data inaccessible by API,Data inaccessible by API,2025-08-25T10:22:00.000Z,1.0004799172709078,255871207.3961456,31.3297,-0.00750106,0.03680221,-0.0964011,-0.06106845,0.0382099,-0.01953809,12090689333.263348,0.3134,12090689333.26,Data inaccessible by API,2025-08-25T10:22:00.000Z,1027.0,Ethereum,ETH,ethereum,0x4c9edd5852cd905f086c759e8383e09bff1e68b3,2025-08-25 15:54:10.928083
0,1,Bitcoin,BTC,bitcoin,12290,2010-07-13T00:00:00.000Z,"['mineable', 'pow', 'sha-256', 'store-of-value', 'state-channel', 'coinbase-ventures-portfolio', 'three-arrows-capital-portfolio', 'polychain-capital-portfolio', 'binance-labs-portfolio', 'blockchain-capital-portfolio', 'boostvc-portfolio', 'cms-holdings-portfolio', 'dcg-portfolio', 'dragonfly-capital-portfolio', 'electric-capital-portfolio', 'fabric-ventures-portfolio', 'framework-ventures-portfolio', 'galaxy-digital-portfolio', 'huobi-capital-portfolio', 'alameda-research-portfolio', 'a16z-portfolio', '1confirmation-portfolio', 'winklevoss-capital-portfolio', 'usv-portfolio', 'placeholder-ventures-portfolio', 'pantera-capital-portfolio', 'multicoin-capital-portfolio', 'paradigm-portfolio', 'bitcoin-ecosystem', 'layer-1', 'ftx-bankruptcy-estate', '2017-2018-alt-season', 'us-strategic-crypto-reserve', 'binance-ecosystem', 'binance-listing']",21000000.0,19911262.0,19911262.0,False,Data inaccessible by API,1.0,Data inaccessible by API,Data inaccessible by API,Data inaccessible by API,2025-08-25T10:26:00.000Z,111332.93355837926,80087775011.87534,56.6884,-0.28176163,-2.94890622,-3.39391648,-5.4205614,3.71239154,1.39979481,2216779209309.481,57.4819,2337991604725.96,Data inaccessible by API,2025-08-25T10:26:00.000Z,Data inaccessible by API,Data inaccessible by API,Data inaccessible by API,Data inaccessible by API,Data inaccessible by API,2025-08-25 15:57:28.394812
1,1027,Ethereum,ETH,ethereum,10469,2015-08-07T00:00:00.000Z,"['pos', 'smart-contracts', 'ethereum-ecosystem', 'coinbase-ventures-portfolio', 'three-arrows-capital-portfolio', 'polychain-capital-portfolio', 'binance-labs-portfolio', 'blockchain-capital-portfolio', 'boostvc-portfolio', 'cms-holdings-portfolio', 'dcg-portfolio', 'dragonfly-capital-portfolio', 'electric-capital-portfolio', 'fabric-ventures-portfolio', 'framework-ventures-portfolio', 'hashkey-capital-portfolio', 'kenetic-capital-portfolio', 'huobi-capital-portfolio', 'alameda-research-portfolio', 'a16z-portfolio', '1confirmation-portfolio', 'winklevoss-capital-portfolio', 'usv-portfolio', 'placeholder-ventures-portfolio', 'pantera-capital-portfolio', 'multicoin-capital-portfolio', 'paradigm-portfolio', 'ethereum-pow-ecosystem', 'layer-1', 'ftx-bankruptcy-estate', 'sora-ecosystem', 'rsk-rbtc-ecosystem', 'world-liberty-financial-portfolio', 'us-strategic-crypto-reserve', 'binance-ecosystem', 'binance-listing']",Data inaccessible by API,120707098.1711658,120707098.1711658,True,Data inaccessible by API,2.0,Data inaccessible by API,Data inaccessible by API,Data inaccessible by API,2025-08-25T10:25:00.000Z,4566.181206301227,61690622095.17961,127.7969,-0.72543069,-3.92818356,6.43952819,21.26605053,85.59400441,73.31385557,551170483136.3345,14.2847,551170483136.33,Data inaccessible by API,2025-08-25T10:25:00.000Z,Data inaccessible by API,Data inaccessible by API,Data inaccessible by API,Data inaccessible by API,Data inaccessible by API,2025-08-25 15:57:28.394812
2,52,XRP,XRP,xrp,1681,2013-08-04T00:00:00.000Z,"['medium-of-exchange', 'enterprise-solutions', 'xrp-ecosystem', 'arrington-xrp-capital-portfolio', 'galaxy-digital-portfolio', 'a16z-portfolio', 'pantera-capital-portfolio', 'ftx-bankruptcy-estate', '2017-2018-alt-season', 'klaytn-ecosystem', 'made-in-america', 'us-strategic-crypto-reserve', 'binance-ecosystem', 'binance-listing']",100000000000.0,59482264023.0,99985819185.0,False,Data inaccessible by API,3.0,Data inaccessible by API,Data inaccessible by API,Data inaccessible by API,2025-08-25T10:25:00.000Z,2.9355229907308136,7639292015.961881,117.1617,-0.3548166,-2.6373852,-0.91130169,-8.2595686,34.75744311,26.74720408,174611553580.23685,4.5254,293552299073.08,Data inaccessible by API,2025-08-25T10:25:00.000Z,Data inaccessible by API,Data inaccessible by API,Data inaccessible by API,Data inaccessible by API,Data inaccessible by API,2025-08-25 15:57:28.394812
3,825,Tether USDt,USDT,tether,142590,2015-02-25T00:00:00.000Z,"['stablecoin', 'asset-backed-stablecoin', 'usd-stablecoin', 'ethereum-pow-ecosystem', 'fiat-stablecoin', 'tron20-ecosystem', 'rsk-rbtc-ecosystem', 'world-liberty-financial-portfolio', 'binance-ecosystem', 'binance-listing', 'peaq-ecosystem', 'apertum-ecosystem', 'etherlink-ecosystem', 'duckchain-ecosystem', 'onus-ecosystem', 'zedxion-smart-chain-ecosystem']",Data inaccessible by API,167150540379.7628,169734252948.3468,True,Data inaccessible by API,4.0,Data inaccessible by API,Data inaccessible by API,Data inaccessible by API,2025-08-25T10:25:00.000Z,0.9999633286725472,167038619504.29822,84.5175,0.0268953,0.03437252,-0.09729967,-0.0275118,-0.03159211,-0.02982838,167144410747.56262,4.3319,169728028567.98,Data inaccessible by API,2025-08-25T10:25:00.000Z,1027.0,Ethereum,ETH,ethereum,0xdac17f958d2ee523a2206206994597c13d831ec7,2025-08-25 15:57:28.394812
4,1839,BNB,BNB,bnb,2679,2017-07-25T00:00:00.000Z,"['marketplace', 'centralized-exchange', 'payments', 'smart-contracts', 'alameda-research-portfolio', 'multicoin-capital-portfolio', 'bnb-chain-ecosystem', 'layer-1', 'alleged-sec-securities', 'celsius-bankruptcy-estate', 'binance-ecosystem', 'binance-listing']",Data inaccessible by API,139287317.95,139287317.95,False,Data inaccessible by API,5.0,Data inaccessible by API,Data inaccessible by API,Data inaccessible by API,2025-08-25T10:26:00.000Z,855.3364385199418,3092916813.7685995,33.5671,-0.56906391,-0.9291763,2.88589882,9.13094776,32.26228137,25.52095203,119137518466.34776,3.0877,119137518466.35,Data inaccessible by API,2025-08-25T10:26:00.000Z,Data inaccessible by API,Data inaccessible by API,Data inaccessible by API,Data inaccessible by API,Data inaccessible by API,2025-08-25 15:57:28.394812
5,5426,Solana,SOL,solana,974,2020-04-10T00:00:00.000Z,"['pos', 'platform', 'solana-ecosystem', 'cms-holdings-portfolio', 'kenetic-capital-portfolio', 'alameda-research-portfolio', 'multicoin-capital-portfolio', 'okx-ventures-portfolio', 'layer-1', 'ftx-bankruptcy-estate', 'alleged-sec-securities', 'cmc-crypto-awards-2024', 'made-in-america', 'us-strategic-crypto-reserve', 'binance-ecosystem', 'binance-listing']",Data inaccessible by API,540437373.5059353,608187600.7552623,True,Data inaccessible by API,6.0,525236893.3,103228390638.44376,Data inaccessible by API,2025-08-25T10:26:00.000Z,196.53682358425405,13651424715.765282,105.0075,-1.47456717,-4.77584074,8.43710656,3.8588322,36.54301883,11.72749276,106215844735.07362,2.7542,119531259195.77,Data inaccessible by API,2025-08-25T10:26:00.000Z,Data inaccessible by API,Data inaccessible by API,Data inaccessible by API,Data inaccessible by API,Data inaccessible by API,2025-08-25 15:57:28.394812
6,3408,USDC,USDC,usd-coin,30811,2018-10-08T00:00:00.000Z,"['medium-of-exchange', 'stablecoin', 'asset-backed-stablecoin', 'coinbase-ventures-portfolio', 'usd-stablecoin', 'ethereum-pow-ecosystem', 'fiat-stablecoin', 'tron20-ecosystem', 'made-in-america', 'world-liberty-financial-portfolio', 'sonic-ecosystem', 'binance-ecosystem', 'binance-listing', 'etherlink-ecosystem', 'unichain-ecosystem', 'vector-smart-chain-ecosystem']",Data inaccessible by API,67411752760.74382,67411752760.74382,False,Data inaccessible by API,7.0,60901219650.23,60895022959.34936,Data inaccessible by API,2025-08-25T10:25:00.000Z,0.9998982501349524,22995059945.41712,123.4901,0.0097754,0.00561256,-0.04959771,-0.00350939,0.00764363,0.0073763,67404893623.99779,1.7469,67404893624.0,Data inaccessible by API,2025-08-25T10:25:00.000Z,1027.0,Ethereum,ETH,ethereum,0xa0b86991c6218b36c1d19d4a2e9eb0ce3606eb48,2025-08-25 15:57:28.394812
7,1958,TRON,TRX,tron,1216,2017-09-13T00:00:00.000Z,"['media', 'payments', 'tron-ecosystem', 'layer-1', 'dwf-labs-portfolio', 'alleged-sec-securities', '2017-2018-alt-season', 'tron20-ecosystem', 'world-liberty-financial-portfolio', 'binance-ecosystem', 'binance-listing']",Data inaccessible by API,94667978256.1305,94667991686.2935,True,Data inaccessible by API,8.0,71659659264.0,25210961946.09286,Data inaccessible by API,2025-08-25T10:25:00.000Z,0.3518152640555215,1656230315.3164258,117.9899,-0.0349217,-3.65370153,1.49651762,11.13756436,29.45244813,26.80614269,33305639767.78292,0.8632,33305644492.72,Data inaccessible by API,2025-08-25T10:25:00.000Z,Data inaccessible by API,Data inaccessible by API,Data inaccessible by API,Data inaccessible by API,Data inaccessible by API,2025-08-25 15:57:28.394812
8,74,Dogecoin,DOGE,dogecoin,1276,2013-12-15T00:00:00.000Z,"['mineable', 'pow', 'scrypt', 'medium-of-exchange', 'memes', 'payments', 'doggone-doggerel', 'osmosis-ecosystem', 'ftx-bankruptcy-estate', 'animal-memes', 'made-in-america', 'binance-ecosystem', 'binance-listing']",Data inaccessible by API,150663036383.70523,150663036383.70523,True,Data inaccessible by API,9.0,Data inaccessible by API,Data inaccessible by API,Data inaccessible by API,2025-08-25T10:25:00.000Z,0.2183502555579584,3992477197.905232,141.003,-0.97735118,-5.12331049,-1.79030957,-8.79441,34.22361144,-4.35611615,32897312497.52003,0.853,32897312497.52,Data inaccessible by API,2025-08-25T10:25:00.000Z,Data inaccessible by API,Data inaccessible by API,Data inaccessible by API,Data inaccessible by API,Data inaccessible by API,2025-08-25 15:57:28.394812
9,2010,Cardano,ADA,cardano,1567,2017-10-01T00:00:00.000Z,"['dpos', 'pos', 'platform', 'research', 'smart-contracts', 'staking', 'cardano-ecosystem', 'cardano', 'layer-1', 'alleged-sec-securities', '2017-2018-alt-season', 'made-in-america', 'us-strategic-crypto-reserve', 'binance-ecosystem', 'binance-listing']",45000000000.0,35724891762.85982,44994674679.3984,False,Data inaccessible by API,10.0,37997904336.0,32808960326.44348,Data inaccessible by API,2025-08-25T10:25:00.000Z,0.8634413107714362,2792204268.62236,166.6639,-0.76111461,-3.45048447,-5.40423508,4.22285557,53.08280002,12.47927744,30846347370.891365,0.7994,38854858984.71,Data inaccessible by API,2025-08-25T10:25:00.000Z,Data inaccessible by API,Data inaccessible by API,Data inaccessible by API,Data inaccessible by API,Data inaccessible by API,2025-08-25 15:57:28.394812
10,1975,Chainlink,LINK,chainlink,2069,2017-09-20T00:00:00.000Z,"['platform', 'defi', 'interoperability', 'oracles', 'smart-contracts', 'ethereum-ecosystem', 'polkadot', 'heco-ecosystem', 'avalanche-ecosystem', 'solana-ecosystem', 'framework-ventures-portfolio', 'polygon-ecosystem', 'fantom-ecosystem', 'cardano-ecosystem', 'terra-ecosystem', 'web3', 'near-protocol-ecosystem', 'arbitrum-ecosystem', 'cross-chain', 'cardano', 'injective-ecosystem', 'bnb-chain-ecosystem', 'optimism-ecosystem', 'real-world-assets-protocols', 'gnosis-chain-ecosystem', 'sora-ecosystem', 'hoo-smart-chain-ecosystem', 'milkomeda-ecosystem', 'energi-ecosystem', 'made-in-america', 'world-liberty-financial-portfolio', 'binance-ecosystem', 'binance-listing', 'robotics']",1000000000.0,678099970.4527867,1000000000.0,False,Data inaccessible by API,11.0,Data inaccessible by API,Data inaccessible by API,Data inaccessible by API,2025-08-25T10:25:00.000Z,24.619628793869992,2135571028.105245,83.0691,-1.6146401,-2.76408245,-1.38661093,33.76496871,86.56774275,55.10633807,16694569557.681818,0.4327,24619628793.87,Data inaccessible by API,2025-08-25T10:25:00.000Z,1027.0,Ethereum,ETH,ethereum,0x514910771af9ca656af840dff83e8264ecf986ca,2025-08-25 15:57:28.394812
11,32196,Hyperliquid,HYPE,hyperliquid,135,2024-07-15T10:14:50.000Z,"['decentralized-exchange-dex-token', 'defi', 'derivatives', 'layer-1', 'hyperliquid-ecosystem', 'binance-ecosystem', 'binance-listing']",1000000000.0,333928180.0,999993930.0,False,Data inaccessible by API,12.0,333931719.0,15139825857.978785,Data inaccessible by API,2025-08-25T10:25:00.000Z,45.33808858684306,303809855.7318375,120.9992,0.52173514,3.66855126,4.8987284,1.64172576,21.5971789,22.00529348,15139665406.483276,0.3924,45338088586.84,Data inaccessible by API,2025-08-25T10:25:00.000Z,32196.0,Hyperliquid,HYPE,hyperliquid,0x0d01dc56dcaaca66ad901c959b4011ec,2025-08-25 15:57:28.394812
12,512,Stellar,XLM,stellar,741,2014-08-05T00:00:00.000Z,"['medium-of-exchange', 'enterprise-solutions', 'decentralized-exchange-dex-token', 'defi', 'smart-contracts', 'hashkey-capital-portfolio', 'real-world-assets-protocols', '2017-2018-alt-season', 'made-in-america', 'binance-ecosystem', 'binance-listing']",50001806812.0,31351085043.612007,50001786889.0645,False,Data inaccessible by API,13.0,31531408660.0,12303512351.009125,Data inaccessible by API,2025-08-25T10:25:00.000Z,0.3901986265084652,385676999.1870085,98.8924,-0.55725269,-3.90022608,-4.12750038,-11.70472545,62.54540972,35.03232961,12233150323.567492,0.317,19510636340.98,Data inaccessible by API,2025-08-25T10:25:00.000Z,Data inaccessible by API,Data inaccessible by API,Data inaccessible by API,Data inaccessible by API,Data inaccessible by API,2025-08-25 15:57:28.394812
13,20947,Sui,SUI,sui,750,2022-07-12T08:03:11.000Z,"['binance-launchpool', 'coinbase-ventures-portfolio', 'binance-labs-portfolio', 'electric-capital-portfolio', 'a16z-portfolio', 'sui-ecosystem', 'layer-1', 'move-vm', 'cmc-crypto-yearbook-2024-2025', 'made-in-america', 'world-liberty-financial-portfolio', 'binance-ecosystem', 'binance-listing']",10000000000.0,3511924479.5699987,10000000000.0,False,Data inaccessible by API,14.0,3511924479.57,12145565432.138006,Data inaccessible by API,2025-08-25T10:26:00.000Z,3.458378875398001,1998020853.115502,151.2936,-0.69367299,-5.21255997,-2.61835195,-14.6567966,28.98861474,-2.13437373,12145565432.138002,0.3149,34583788753.98,Data inaccessible by API,2025-08-25T10:26:00.000Z,Data inaccessible by API,Data inaccessible by API,Data inaccessible by API,Data inaccessible by API,Data inaccessible by API,2025-08-25 15:57:28.394812
14,29470,Ethena USDe,USDe,ethena-usde,200,2024-02-20T11:05:01.000Z,"['stablecoin', 'asset-backed-stablecoin', 'binance-labs-portfolio', 'dragonfly-capital-portfolio', 'usd-stablecoin', 'eigenlayer-ecosystem', 'binance-ecosystem']",Data inaccessible by API,12084889586.033997,12084889586.033997,True,Data inaccessible by API,15.0,Data inaccessible by API,Data inaccessible by API,Data inaccessible by API,2025-08-25T10:25:00.000Z,1.000493324897312,259760991.471752,33.7283,-0.00551861,0.01840975,-0.08225889,-0.05110706,0.03957675,-0.02100833,12090851362.948051,0.3134,12090851362.95,Data inaccessible by API,2025-08-25T10:25:00.000Z,1027.0,Ethereum,ETH,ethereum,0x4c9edd5852cd905f086c759e8383e09bff1e68b3,2025-08-25 15:57:28.394812
0,1,Bitcoin,BTC,bitcoin,12290,2010-07-13T00:00:00.000Z,"['mineable', 'pow', 'sha-256', 'store-of-value', 'state-channel', 'coinbase-ventures-portfolio', 'three-arrows-capital-portfolio', 'polychain-capital-portfolio', 'binance-labs-portfolio', 'blockchain-capital-portfolio', 'boostvc-portfolio', 'cms-holdings-portfolio', 'dcg-portfolio', 'dragonfly-capital-portfolio', 'electric-capital-portfolio', 'fabric-ventures-portfolio', 'framework-ventures-portfolio', 'galaxy-digital-portfolio', 'huobi-capital-portfolio', 'alameda-research-portfolio', 'a16z-portfolio', '1confirmation-portfolio', 'winklevoss-capital-portfolio', 'usv-portfolio', 'placeholder-ventures-portfolio', 'pantera-capital-portfolio', 'multicoin-capital-portfolio', 'paradigm-portfolio', 'bitcoin-ecosystem', 'layer-1', 'ftx-bankruptcy-estate', '2017-2018-alt-season', 'us-strategic-crypto-reserve', 'binance-ecosystem', 'binance-listing']",21000000.0,19911262.0,19911262.0,False,Data inaccessible by API,1.0,Data inaccessible by API,Data inaccessible by API,Data inaccessible by API,2025-08-25T10:33:00.000Z,111226.6431280421,80416974175.99269,52.7565,-0.25366098,-2.94479104,-3.39809899,-5.68082141,3.59807594,1.32253704,2214662832702.946,57.6186,2335759505688.88,Data inaccessible by API,2025-08-25T10:33:00.000Z,Data inaccessible by API,Data inaccessible by API,Data inaccessible by API,Data inaccessible by API,Data inaccessible by API,2025-08-25 16:04:59.765583
1,1027,Ethereum,ETH,ethereum,10469,2015-08-07T00:00:00.000Z,"['pos', 'smart-contracts', 'ethereum-ecosystem', 'coinbase-ventures-portfolio', 'three-arrows-capital-portfolio', 'polychain-capital-portfolio', 'binance-labs-portfolio', 'blockchain-capital-portfolio', 'boostvc-portfolio', 'cms-holdings-portfolio', 'dcg-portfolio', 'dragonfly-capital-portfolio', 'electric-capital-portfolio', 'fabric-ventures-portfolio', 'framework-ventures-portfolio', 'hashkey-capital-portfolio', 'kenetic-capital-portfolio', 'huobi-capital-portfolio', 'alameda-research-portfolio', 'a16z-portfolio', '1confirmation-portfolio', 'winklevoss-capital-portfolio', 'usv-portfolio', 'placeholder-ventures-portfolio', 'pantera-capital-portfolio', 'multicoin-capital-portfolio', 'paradigm-portfolio', 'ethereum-pow-ecosystem', 'layer-1', 'ftx-bankruptcy-estate', 'sora-ecosystem', 'rsk-rbtc-ecosystem', 'world-liberty-financial-portfolio', 'us-strategic-crypto-reserve', 'binance-ecosystem', 'binance-listing']",Data inaccessible by API,120707098.1711658,120707098.1711658,True,Data inaccessible by API,2.0,Data inaccessible by API,Data inaccessible by API,Data inaccessible by API,2025-08-25T10:34:00.000Z,4552.765040011009,62203866289.86583,128.8269,-0.77436691,-3.94883704,6.2684526,20.88671357,85.06714693,72.59675977,549551056634.8604,14.2966,549551056634.86,Data inaccessible by API,2025-08-25T10:34:00.000Z,Data inaccessible by API,Data inaccessible by API,Data inaccessible by API,Data inaccessible by API,Data inaccessible by API,2025-08-25 16:04:59.765583
2,52,XRP,XRP,xrp,1681,2013-08-04T00:00:00.000Z,"['medium-of-exchange', 'enterprise-solutions', 'xrp-ecosystem', 'arrington-xrp-capital-portfolio', 'galaxy-digital-portfolio', 'a16z-portfolio', 'pantera-capital-portfolio', 'ftx-bankruptcy-estate', '2017-2018-alt-season', 'klaytn-ecosystem', 'made-in-america', 'us-strategic-crypto-reserve', 'binance-ecosystem', 'binance-listing']",100000000000.0,59482264023.0,99985819185.0,False,Data inaccessible by API,3.0,Data inaccessible by API,Data inaccessible by API,Data inaccessible by API,2025-08-25T10:34:00.000Z,2.9305297563748085,7565863553.676669,114.9206,-0.37212302,-2.68457057,-1.06288509,-8.49934138,34.50372601,26.47883341,174314544695.9442,4.5348,293052975637.48,Data inaccessible by API,2025-08-25T10:34:00.000Z,Data inaccessible by API,Data inaccessible by API,Data inaccessible by API,Data inaccessible by API,Data inaccessible by API,2025-08-25 16:04:59.765583
3,825,Tether USDt,USDT,tether,142591,2015-02-25T00:00:00.000Z,"['stablecoin', 'asset-backed-stablecoin', 'usd-stablecoin', 'ethereum-pow-ecosystem', 'fiat-stablecoin', 'tron20-ecosystem', 'rsk-rbtc-ecosystem', 'world-liberty-financial-portfolio', 'binance-ecosystem', 'binance-listing', 'peaq-ecosystem', 'apertum-ecosystem', 'etherlink-ecosystem', 'duckchain-ecosystem', 'onus-ecosystem', 'zedxion-smart-chain-ecosystem']",Data inaccessible by API,167150540379.7628,169734252948.3468,True,Data inaccessible by API,4.0,Data inaccessible by API,Data inaccessible by API,Data inaccessible by API,2025-08-25T10:33:00.000Z,0.9996972796493934,166938393184.04697,84.1931,-0.00232123,-0.0077355,-0.08410455,-0.08542249,-0.05293465,-0.05633647,167099940509.57495,4.3471,169682870935.78,Data inaccessible by API,2025-08-25T10:33:00.000Z,1027.0,Ethereum,ETH,ethereum,0xdac17f958d2ee523a2206206994597c13d831ec7,2025-08-25 16:04:59.765583
4,1839,BNB,BNB,bnb,2679,2017-07-25T00:00:00.000Z,"['marketplace', 'centralized-exchange', 'payments', 'smart-contracts', 'alameda-research-portfolio', 'multicoin-capital-portfolio', 'bnb-chain-ecosystem', 'layer-1', 'alleged-sec-securities', 'celsius-bankruptcy-estate', 'binance-ecosystem', 'binance-listing']",Data inaccessible by API,139287317.95,139287317.95,False,Data inaccessible by API,5.0,Data inaccessible by API,Data inaccessible by API,Data inaccessible by API,2025-08-25T10:33:00.000Z,852.6870836316128,3101219874.8903284,33.5439,-0.72805508,-1.22512058,2.52150953,8.75275911,31.83598139,25.21757118,118768496929.6547,3.0898,118768496929.65,Data inaccessible by API,2025-08-25T10:33:00.000Z,Data inaccessible by API,Data inaccessible by API,Data inaccessible by API,Data inaccessible by API,Data inaccessible by API,2025-08-25 16:04:59.765583
5,5426,Solana,SOL,solana,974,2020-04-10T00:00:00.000Z,"['pos', 'platform', 'solana-ecosystem', 'cms-holdings-portfolio', 'kenetic-capital-portfolio', 'alameda-research-portfolio', 'multicoin-capital-portfolio', 'okx-ventures-portfolio', 'layer-1', 'ftx-bankruptcy-estate', 'alleged-sec-securities', 'cmc-crypto-awards-2024', 'made-in-america', 'us-strategic-crypto-reserve', 'binance-ecosystem', 'binance-listing']",Data inaccessible by API,540437373.5059353,608187600.7552623,True,Data inaccessible by API,6.0,525236893.3,102987190905.76443,Data inaccessible by API,2025-08-25T10:33:00.000Z,196.07760273408888,13711847407.755396,104.5968,-1.37810798,-4.86471856,8.35600556,3.66212401,36.2981791,11.35876432,105967664624.9512,2.7568,119251966768.69,Data inaccessible by API,2025-08-25T10:33:00.000Z,Data inaccessible by API,Data inaccessible by API,Data inaccessible by API,Data inaccessible by API,Data inaccessible by API,2025-08-25 16:04:59.765583
6,3408,USDC,USDC,usd-coin,30812,2018-10-08T00:00:00.000Z,"['medium-of-exchange', 'stablecoin', 'asset-backed-stablecoin', 'coinbase-ventures-portfolio', 'usd-stablecoin', 'ethereum-pow-ecosystem', 'fiat-stablecoin', 'tron20-ecosystem', 'made-in-america', 'world-liberty-financial-portfolio', 'sonic-ecosystem', 'binance-ecosystem', 'binance-listing', 'etherlink-ecosystem', 'unichain-ecosystem', 'vector-smart-chain-ecosystem']",Data inaccessible by API,67411752760.74382,67411752760.74382,False,Data inaccessible by API,7.0,60901219650.23,60897810113.65872,Data inaccessible by API,2025-08-25T10:34:00.000Z,0.9999440152990224,21628408459.856968,109.3871,0.01011213,-0.00545292,-0.00036728,0.00346633,0.02446707,0.01109367,67407978733.92314,1.7536,67407978733.92,Data inaccessible by API,2025-08-25T10:34:00.000Z,1027.0,Ethereum,ETH,ethereum,0xa0b86991c6218b36c1d19d4a2e9eb0ce3606eb48,2025-08-25 16:04:59.765583
7,1958,TRON,TRX,tron,1216,2017-09-13T00:00:00.000Z,"['media', 'payments', 'tron-ecosystem', 'layer-1', 'dwf-labs-portfolio', 'alleged-sec-securities', '2017-2018-alt-season', 'tron20-ecosystem', 'world-liberty-financial-portfolio', 'binance-ecosystem', 'binance-listing']",Data inaccessible by API,94667978256.1305,94667991686.2935,True,Data inaccessible by API,8.0,71659659264.0,25186399043.806183,Data inaccessible by API,2025-08-25T10:34:00.000Z,0.3514724923686483,1659547310.7131798,116.6062,-0.07766276,-3.61910573,1.41241926,10.99513102,29.13976729,26.59558365,33273190265.183197,0.8656,33273194985.52,Data inaccessible by API,2025-08-25T10:34:00.000Z,Data inaccessible by API,Data inaccessible by API,Data inaccessible by API,Data inaccessible by API,Data inaccessible by API,2025-08-25 16:04:59.765583
8,74,Dogecoin,DOGE,dogecoin,1276,2013-12-15T00:00:00.000Z,"['mineable', 'pow', 'scrypt', 'medium-of-exchange', 'memes', 'payments', 'doggone-doggerel', 'osmosis-ecosystem', 'ftx-bankruptcy-estate', 'animal-memes', 'made-in-america', 'binance-ecosystem', 'binance-listing']",Data inaccessible by API,150663036383.70523,150663036383.70523,True,Data inaccessible by API,9.0,Data inaccessible by API,Data inaccessible by API,Data inaccessible by API,2025-08-25T10:33:00.000Z,0.2177755599871293,4007632625.813433,140.8191,-1.07603497,-5.37537881,-1.90068001,-9.0704423,33.9136893,-4.65237157,32810727117.822643,0.8536,32810727117.82,Data inaccessible by API,2025-08-25T10:33:00.000Z,Data inaccessible by API,Data inaccessible by API,Data inaccessible by API,Data inaccessible by API,Data inaccessible by API,2025-08-25 16:04:59.765583
9,2010,Cardano,ADA,cardano,1567,2017-10-01T00:00:00.000Z,"['dpos', 'pos', 'platform', 'research', 'smart-contracts', 'staking', 'cardano-ecosystem', 'cardano', 'layer-1', 'alleged-sec-securities', '2017-2018-alt-season', 'made-in-america', 'us-strategic-crypto-reserve', 'binance-ecosystem', 'binance-listing']",45000000000.0,35724891762.85982,44994674679.3984,False,Data inaccessible by API,10.0,37997904336.0,32618898490.177647,Data inaccessible by API,2025-08-25T10:33:00.000Z,0.8584394076510643,2804636188.374648,166.6035,-1.19053499,-3.96140043,-5.81887392,3.67957544,52.20884139,11.67606898,30667654923.30777,0.7979,38629773344.3,Data inaccessible by API,2025-08-25T10:33:00.000Z,Data inaccessible by API,Data inaccessible by API,Data inaccessible by API,Data inaccessible by API,Data inaccessible by API,2025-08-25 16:04:59.765583
10,1975,Chainlink,LINK,chainlink,2069,2017-09-20T00:00:00.000Z,"['platform', 'defi', 'interoperability', 'oracles', 'smart-contracts', 'ethereum-ecosystem', 'polkadot', 'heco-ecosystem', 'avalanche-ecosystem', 'solana-ecosystem', 'framework-ventures-portfolio', 'polygon-ecosystem', 'fantom-ecosystem', 'cardano-ecosystem', 'terra-ecosystem', 'web3', 'near-protocol-ecosystem', 'arbitrum-ecosystem', 'cross-chain', 'cardano', 'injective-ecosystem', 'bnb-chain-ecosystem', 'optimism-ecosystem', 'real-world-assets-protocols', 'gnosis-chain-ecosystem', 'sora-ecosystem', 'hoo-smart-chain-ecosystem', 'milkomeda-ecosystem', 'energi-ecosystem', 'made-in-america', 'world-liberty-financial-portfolio', 'binance-ecosystem', 'binance-listing', 'robotics']",1000000000.0,678099970.4527867,1000000000.0,False,Data inaccessible by API,11.0,Data inaccessible by API,Data inaccessible by API,Data inaccessible by API,2025-08-25T10:34:00.000Z,24.595462051441768,2147656464.4301558,83.6122,-1.40593017,-2.85396537,-0.93292847,33.51590029,86.41044386,54.90059907,16678182090.3553,0.4339,24595462051.44,Data inaccessible by API,2025-08-25T10:34:00.000Z,1027.0,Ethereum,ETH,ethereum,0x514910771af9ca656af840dff83e8264ecf986ca,2025-08-25 16:04:59.765583
11,32196,Hyperliquid,HYPE,hyperliquid,135,2024-07-15T10:14:50.000Z,"['decentralized-exchange-dex-token', 'defi', 'derivatives', 'layer-1', 'hyperliquid-ecosystem', 'binance-ecosystem', 'binance-listing']",1000000000.0,333928180.0,999993930.0,False,Data inaccessible by API,12.0,333931719.0,15039770903.133286,Data inaccessible by API,2025-08-25T10:34:00.000Z,45.03846159978976,307770372.0603976,121.9102,0.33301034,3.36539797,4.3004337,0.46733587,20.53947679,20.66424657,15039611512.017685,0.3913,45038461599.79,Data inaccessible by API,2025-08-25T10:34:00.000Z,32196.0,Hyperliquid,HYPE,hyperliquid,0x0d01dc56dcaaca66ad901c959b4011ec,2025-08-25 16:04:59.765583
12,512,Stellar,XLM,stellar,741,2014-08-05T00:00:00.000Z,"['medium-of-exchange', 'enterprise-solutions', 'decentralized-exchange-dex-token', 'defi', 'smart-contracts', 'hashkey-capital-portfolio', 'real-world-assets-protocols', '2017-2018-alt-season', 'made-in-america', 'binance-ecosystem', 'binance-listing']",50001806812.0,31351085043.612007,50001786889.0645,False,Data inaccessible by API,13.0,31531408660.0,12285275760.417696,Data inaccessible by API,2025-08-25T10:34:00.000Z,0.3896202638102403,388538832.6563263,98.7312,-0.50673591,-3.76272835,-4.25273309,-11.94002407,62.29792537,34.76461861,12215018025.429388,0.3178,19481717161.08,Data inaccessible by API,2025-08-25T10:34:00.000Z,Data inaccessible by API,Data inaccessible by API,Data inaccessible by API,Data inaccessible by API,Data inaccessible by API,2025-08-25 16:04:59.765583
13,20947,Sui,SUI,sui,750,2022-07-12T08:03:11.000Z,"['binance-launchpool', 'coinbase-ventures-portfolio', 'binance-labs-portfolio', 'electric-capital-portfolio', 'a16z-portfolio', 'sui-ecosystem', 'layer-1', 'move-vm', 'cmc-crypto-yearbook-2024-2025', 'made-in-america', 'world-liberty-financial-portfolio', 'binance-ecosystem', 'binance-listing']",10000000000.0,3511924479.5699987,10000000000.0,False,Data inaccessible by API,14.0,3511924479.57,12140629429.224728,Data inaccessible by API,2025-08-25T10:34:00.000Z,3.4569733773749105,2002541209.350956,149.5936,-0.50174617,-4.97266518,-2.34772817,-14.55132786,28.90057012,-2.46227333,12140629429.224724,0.3159,34569733773.75,Data inaccessible by API,2025-08-25T10:34:00.000Z,Data inaccessible by API,Data inaccessible by API,Data inaccessible by API,Data inaccessible by API,Data inaccessible by API,2025-08-25 16:04:59.765583
14,29470,Ethena USDe,USDe,ethena-usde,200,2024-02-20T11:05:01.000Z,"['stablecoin', 'asset-backed-stablecoin', 'binance-labs-portfolio', 'dragonfly-capital-portfolio', 'usd-stablecoin', 'eigenlayer-ecosystem', 'binance-ecosystem']",Data inaccessible by API,12084889586.033997,12084889586.033997,True,Data inaccessible by API,15.0,Data inaccessible by API,Data inaccessible by API,Data inaccessible by API,2025-08-25T10:33:00.000Z,1.0004604621799542,263897217.19050756,40.3347,-0.00208843,0.01878937,-0.08310336,-0.05779316,0.02373031,-0.02070148,12090454220.637287,0.3145,12090454220.64,Data inaccessible by API,2025-08-25T10:33:00.000Z,1027.0,Ethereum,ETH,ethereum,0x4c9edd5852cd905f086c759e8383e09bff1e68b3,2025-08-25 16:04:59.765583
0,1,Bitcoin,BTC,bitcoin,12290,2010-07-13T00:00:00.000Z,"['mineable', 'pow', 'sha-256', 'store-of-value', 'state-channel', 'coinbase-ventures-portfolio', 'three-arrows-capital-portfolio', 'polychain-capital-portfolio', 'binance-labs-portfolio', 'blockchain-capital-portfolio', 'boostvc-portfolio', 'cms-holdings-portfolio', 'dcg-portfolio', 'dragonfly-capital-portfolio', 'electric-capital-portfolio', 'fabric-ventures-portfolio', 'framework-ventures-portfolio', 'galaxy-digital-portfolio', 'huobi-capital-portfolio', 'alameda-research-portfolio', 'a16z-portfolio', '1confirmation-portfolio', 'winklevoss-capital-portfolio', 'usv-portfolio', 'placeholder-ventures-portfolio', 'pantera-capital-portfolio', 'multicoin-capital-portfolio', 'paradigm-portfolio', 'bitcoin-ecosystem', 'layer-1', 'ftx-bankruptcy-estate', '2017-2018-alt-season', 'us-strategic-crypto-reserve', 'binance-ecosystem', 'binance-listing']",21000000.0,19911262.0,19911262.0,False,Data inaccessible by API,1.0,Data inaccessible by API,Data inaccessible by API,Data inaccessible by API,2025-08-25T10:34:00.000Z,111294.89352359148,78894556631.09012,52.5464,-0.11224779,-2.87306227,-3.38777931,-5.57140507,3.64433558,1.37169978,2216021784210.333,57.654,2337192763995.42,Data inaccessible by API,2025-08-25T10:34:00.000Z,Data inaccessible by API,Data inaccessible by API,Data inaccessible by API,Data inaccessible by API,Data inaccessible by API,2025-08-25 16:06:01.277240
1,1027,Ethereum,ETH,ethereum,10469,2015-08-07T00:00:00.000Z,"['pos', 'smart-contracts', 'ethereum-ecosystem', 'coinbase-ventures-portfolio', 'three-arrows-capital-portfolio', 'polychain-capital-portfolio', 'binance-labs-portfolio', 'blockchain-capital-portfolio', 'boostvc-portfolio', 'cms-holdings-portfolio', 'dcg-portfolio', 'dragonfly-capital-portfolio', 'electric-capital-portfolio', 'fabric-ventures-portfolio', 'framework-ventures-portfolio', 'hashkey-capital-portfolio', 'kenetic-capital-portfolio', 'huobi-capital-portfolio', 'alameda-research-portfolio', 'a16z-portfolio', '1confirmation-portfolio', 'winklevoss-capital-portfolio', 'usv-portfolio', 'placeholder-ventures-portfolio', 'pantera-capital-portfolio', 'multicoin-capital-portfolio', 'paradigm-portfolio', 'layer-1', 'ftx-bankruptcy-estate', 'sora-ecosystem', 'rsk-rbtc-ecosystem', 'world-liberty-financial-portfolio', 'us-strategic-crypto-reserve', 'binance-ecosystem', 'binance-listing']",Data inaccessible by API,120707098.1711658,120707098.1711658,True,Data inaccessible by API,2.0,Data inaccessible by API,Data inaccessible by API,Data inaccessible by API,2025-08-25T10:35:00.000Z,4548.563031021799,61022577813.55631,124.783,-0.83538811,-4.03419644,6.11212203,20.75177172,84.86569124,72.50463987,549043844323.28375,14.2834,549043844323.28,Data inaccessible by API,2025-08-25T10:35:00.000Z,Data inaccessible by API,Data inaccessible by API,Data inaccessible by API,Data inaccessible by API,Data inaccessible by API,2025-08-25 16:06:01.277240
2,52,XRP,XRP,xrp,1681,2013-08-04T00:00:00.000Z,"['medium-of-exchange', 'enterprise-solutions', 'xrp-ecosystem', 'arrington-xrp-capital-portfolio', 'galaxy-digital-portfolio', 'a16z-portfolio', 'pantera-capital-portfolio', 'ftx-bankruptcy-estate', '2017-2018-alt-season', 'klaytn-ecosystem', 'made-in-america', 'us-strategic-crypto-reserve', 'binance-ecosystem', 'binance-listing']",100000000000.0,59482264023.0,99985819185.0,False,Data inaccessible by API,3.0,Data inaccessible by API,Data inaccessible by API,Data inaccessible by API,2025-08-25T10:35:00.000Z,2.9296351012524235,7563680100.433017,114.6997,-0.39096423,-2.70978984,-1.10938506,-8.52543591,34.45604906,26.43767134,174261328583.745,4.5334,292963510125.24,Data inaccessible by API,2025-08-25T10:35:00.000Z,Data inaccessible by API,Data inaccessible by API,Data inaccessible by API,Data inaccessible by API,Data inaccessible by API,2025-08-25 16:06:01.277240
3,825,Tether USDt,USDT,tether,142591,2015-02-25T00:00:00.000Z,"['stablecoin', 'asset-backed-stablecoin', 'usd-stablecoin', 'fiat-stablecoin', 'tron20-ecosystem', 'rsk-rbtc-ecosystem', 'world-liberty-financial-portfolio', 'binance-ecosystem', 'binance-listing', 'peaq-ecosystem', 'apertum-ecosystem', 'etherlink-ecosystem', 'duckchain-ecosystem', 'onus-ecosystem', 'zedxion-smart-chain-ecosystem']",Data inaccessible by API,167150540379.7628,169734252948.3468,True,Data inaccessible by API,4.0,Data inaccessible by API,Data inaccessible by API,Data inaccessible by API,2025-08-25T10:34:00.000Z,0.9997256474071818,167928021598.95502,84.4006,-0.00107951,-0.00147847,-0.08157417,-0.05425768,-0.04738201,-0.05233307,167104682195.61865,4.3472,169687685915.96,Data inaccessible by API,2025-08-25T10:34:00.000Z,1027.0,Ethereum,ETH,ethereum,0xdac17f958d2ee523a2206206994597c13d831ec7,2025-08-25 16:06:01.277240
4,1839,BNB,BNB,bnb,2679,2017-07-25T00:00:00.000Z,"['marketplace', 'centralized-exchange', 'payments', 'smart-contracts', 'alameda-research-portfolio', 'multicoin-capital-portfolio', 'bnb-chain-ecosystem', 'layer-1', 'alleged-sec-securities', 'celsius-bankruptcy-estate', 'binance-ecosystem', 'binance-listing']",Data inaccessible by API,139287317.95,139287317.95,False,Data inaccessible by API,5.0,Data inaccessible by API,Data inaccessible by API,Data inaccessible by API,2025-08-25T10:34:00.000Z,852.5266896112565,3104009729.8353186,33.7314,-0.71752101,-1.23317167,2.49672497,8.7332727,31.80520761,25.18831895,118746156076.74403,3.0892,118746156076.74,Data inaccessible by API,2025-08-25T10:34:00.000Z,Data inaccessible by API,Data inaccessible by API,Data inaccessible by API,Data inaccessible by API,Data inaccessible by API,2025-08-25 16:06:01.277240
5,5426,Solana,SOL,solana,974,2020-04-10T00:00:00.000Z,"['pos', 'platform', 'solana-ecosystem', 'cms-holdings-portfolio', 'kenetic-capital-portfolio', 'alameda-research-portfolio', 'multicoin-capital-portfolio', 'okx-ventures-portfolio', 'layer-1', 'ftx-bankruptcy-estate', 'alleged-sec-securities', 'cmc-crypto-awards-2024', 'made-in-america', 'us-strategic-crypto-reserve', 'binance-ecosystem', 'binance-listing']",Data inaccessible by API,540437373.5059353,608187600.7552623,True,Data inaccessible by API,6.0,525236893.3,103008049949.62325,Data inaccessible by API,2025-08-25T10:34:00.000Z,196.117316326422,13708364165.491018,99.2683,-1.2951813,-4.62010468,8.35815135,3.67700433,36.32603188,11.35250706,105989127334.48416,2.7573,119276120083.13,Data inaccessible by API,2025-08-25T10:34:00.000Z,Data inaccessible by API,Data inaccessible by API,Data inaccessible by API,Data inaccessible by API,Data inaccessible by API,2025-08-25 16:06:01.277240
6,3408,USDC,USDC,usd-coin,30812,2018-10-08T00:00:00.000Z,"['medium-of-exchange', 'stablecoin', 'asset-backed-stablecoin', 'coinbase-ventures-portfolio', 'usd-stablecoin', 'fiat-stablecoin', 'tron20-ecosystem', 'made-in-america', 'world-liberty-financial-portfolio', 'sonic-ecosystem', 'binance-ecosystem', 'binance-listing', 'etherlink-ecosystem', 'unichain-ecosystem', 'vector-smart-chain-ecosystem']",Data inaccessible by API,67411752760.74382,67411752760.74382,False,Data inaccessible by API,7.0,60901219650.23,60897810113.65872,Data inaccessible by API,2025-08-25T10:34:00.000Z,0.9999440152990224,21628408459.856968,109.3871,0.01011213,-0.00545292,-0.00036728,0.00346633,0.02446707,0.01109367,67407978733.92314,1.7536,67407978733.92,Data inaccessible by API,2025-08-25T10:34:00.000Z,1027.0,Ethereum,ETH,ethereum,0xa0b86991c6218b36c1d19d4a2e9eb0ce3606eb48,2025-08-25 16:06:01.277240
7,1958,TRON,TRX,tron,1216,2017-09-13T00:00:00.000Z,"['media', 'payments', 'tron-ecosystem', 'layer-1', 'dwf-labs-portfolio', 'alleged-sec-securities', '2017-2018-alt-season', 'tron20-ecosystem', 'world-liberty-financial-portfolio', 'binance-ecosystem', 'binance-listing']",Data inaccessible by API,94667978256.1305,94667991686.2935,True,Data inaccessible by API,8.0,71659659264.0,25185911501.71837,Data inaccessible by API,2025-08-25T10:35:00.000Z,0.3514656887905568,1659532032.7053657,116.6086,-0.07924811,-3.61008425,1.41116265,10.99856281,29.13380414,26.59156191,33272546184.200363,0.8656,33272550904.44,Data inaccessible by API,2025-08-25T10:35:00.000Z,Data inaccessible by API,Data inaccessible by API,Data inaccessible by API,Data inaccessible by API,Data inaccessible by API,2025-08-25 16:06:01.277240
8,74,Dogecoin,DOGE,dogecoin,1276,2013-12-15T00:00:00.000Z,"['mineable', 'pow', 'scrypt', 'medium-of-exchange', 'memes', 'payments', 'doggone-doggerel', 'osmosis-ecosystem', 'ftx-bankruptcy-estate', 'animal-memes', 'made-in-america', 'binance-ecosystem', 'binance-listing']",Data inaccessible by API,150663036383.70523,150663036383.70523,True,Data inaccessible by API,9.0,Data inaccessible by API,Data inaccessible by API,Data inaccessible by API,2025-08-25T10:34:00.000Z,0.2179912896454558,4007060181.7788296,140.167,-0.91874772,-5.19899383,-1.81361157,-8.96683505,34.04378289,-4.57027657,32843229603.18413,0.8544,32843229603.18,Data inaccessible by API,2025-08-25T10:34:00.000Z,Data inaccessible by API,Data inaccessible by API,Data inaccessible by API,Data inaccessible by API,Data inaccessible by API,2025-08-25 16:06:01.277240
9,2010,Cardano,ADA,cardano,1567,2017-10-01T00:00:00.000Z,"['dpos', 'pos', 'platform', 'research', 'smart-contracts', 'staking', 'cardano-ecosystem', 'cardano', 'layer-1', 'alleged-sec-securities', '2017-2018-alt-season', 'made-in-america', 'us-strategic-crypto-reserve', 'binance-ecosystem', 'binance-listing']",45000000000.0,35724891762.85982,44994674679.3984,False,Data inaccessible by API,10.0,37997904336.0,32661235625.236355,Data inaccessible by API,2025-08-25T10:34:00.000Z,0.859553604231074,2807085940.3194423,166.154,-1.08770803,-3.71708274,-5.71392796,3.82139867,52.40480796,11.81263285,30707459475.53116,0.7989,38679912190.4,Data inaccessible by API,2025-08-25T10:34:00.000Z,Data inaccessible by API,Data inaccessible by API,Data inaccessible by API,Data inaccessible by API,Data inaccessible by API,2025-08-25 16:06:01.277240
10,1975,Chainlink,LINK,chainlink,2069,2017-09-20T00:00:00.000Z,"['platform', 'defi', 'interoperability', 'oracles', 'smart-contracts', 'ethereum-ecosystem', 'polkadot', 'heco-ecosystem', 'avalanche-ecosystem', 'solana-ecosystem', 'framework-ventures-portfolio', 'polygon-ecosystem', 'fantom-ecosystem', 'cardano-ecosystem', 'terra-ecosystem', 'web3', 'near-protocol-ecosystem', 'arbitrum-ecosystem', 'cross-chain', 'cardano', 'injective-ecosystem', 'bnb-chain-ecosystem', 'optimism-ecosystem', 'real-world-assets-protocols', 'gnosis-chain-ecosystem', 'sora-ecosystem', 'hoo-smart-chain-ecosystem', 'milkomeda-ecosystem', 'energi-ecosystem', 'made-in-america', 'world-liberty-financial-portfolio', 'binance-ecosystem', 'binance-listing', 'robotics']",1000000000.0,678099970.4527867,1000000000.0,False,Data inaccessible by API,11.0,Data inaccessible by API,Data inaccessible by API,Data inaccessible by API,2025-08-25T10:35:00.000Z,24.58851059353883,2147415850.9443595,83.5756,-1.43310228,-2.89476265,-0.96724698,33.48005664,86.35800711,54.85470027,16673468306.956717,0.4338,24588510593.54,Data inaccessible by API,2025-08-25T10:35:00.000Z,1027.0,Ethereum,ETH,ethereum,0x514910771af9ca656af840dff83e8264ecf986ca,2025-08-25 16:06:01.277240
11,32196,Hyperliquid,HYPE,hyperliquid,135,2024-07-15T10:14:50.000Z,"['decentralized-exchange-dex-token', 'defi', 'derivatives', 'layer-1', 'hyperliquid-ecosystem', 'binance-ecosystem', 'binance-listing']",1000000000.0,333928180.0,999993930.0,False,Data inaccessible by API,12.0,333931719.0,15039770903.133286,Data inaccessible by API,2025-08-25T10:34:00.000Z,45.03846159978976,307770372.0603976,121.9102,0.33301034,3.36539797,4.3004337,0.46733587,20.53947679,20.66424657,15039611512.017685,0.3913,45038461599.79,Data inaccessible by API,2025-08-25T10:34:00.000Z,32196.0,Hyperliquid,HYPE,hyperliquid,0x0d01dc56dcaaca66ad901c959b4011ec,2025-08-25 16:06:01.277240
12,512,Stellar,XLM,stellar,741,2014-08-05T00:00:00.000Z,"['medium-of-exchange', 'enterprise-solutions', 'decentralized-exchange-dex-token', 'defi', 'smart-contracts', 'hashkey-capital-portfolio', 'real-world-assets-protocols', '2017-2018-alt-season', 'made-in-america', 'binance-ecosystem', 'binance-listing']",50001806812.0,31351085043.612007,50001786889.0645,False,Data inaccessible by API,13.0,31531408660.0,12283832320.667824,Data inaccessible by API,2025-08-25T10:35:00.000Z,0.3895744859712152,388548323.5705513,98.6543,-0.49113159,-3.81296546,-4.27144524,-11.93827262,62.27725516,34.75015621,12213582840.505,0.3177,19479428186.42,Data inaccessible by API,2025-08-25T10:35:00.000Z,Data inaccessible by API,Data inaccessible by API,Data inaccessible by API,Data inaccessible by API,Data inaccessible by API,2025-08-25 16:06:01.277240
13,20947,Sui,SUI,sui,750,2022-07-12T08:03:11.000Z,"['binance-launchpool', 'coinbase-ventures-portfolio', 'binance-labs-portfolio', 'electric-capital-portfolio', 'a16z-portfolio', 'sui-ecosystem', 'layer-1', 'move-vm', 'cmc-crypto-yearbook-2024-2025', 'made-in-america', 'world-liberty-financial-portfolio', 'binance-ecosystem', 'binance-listing']",10000000000.0,3511924479.5699987,10000000000.0,False,Data inaccessible by API,14.0,3511924479.57,12138277565.59726,Data inaccessible by API,2025-08-25T10:35:00.000Z,3.456303697932442,2001997676.021809,149.433,-0.47566459,-4.97746177,-2.38514773,-14.56798009,28.87437468,-2.47331612,12138277565.597256,0.3158,34563036979.32,Data inaccessible by API,2025-08-25T10:35:00.000Z,Data inaccessible by API,Data inaccessible by API,Data inaccessible by API,Data inaccessible by API,Data inaccessible by API,2025-08-25 16:06:01.277240
14,29470,Ethena USDe,USDe,ethena-usde,200,2024-02-20T11:05:01.000Z,"['stablecoin', 'asset-backed-stablecoin', 'binance-labs-portfolio', 'dragonfly-capital-portfolio', 'usd-stablecoin', 'eigenlayer-ecosystem', 'binance-ecosystem']",Data inaccessible by API,12084889586.033997,12084889586.033997,True,Data inaccessible by API,15.0,Data inaccessible by API,Data inaccessible by API,Data inaccessible by API,2025-08-25T10:34:00.000Z,1.0004471712655407,262994184.2231809,41.3431,0.00733427,0.00738801,-0.08646071,-0.06684627,0.02177224,-0.02202968,12090293601.404104,0.3145,12090293601.4,Data inaccessible by API,2025-08-25T10:34:00.000Z,1027.0,Ethereum,ETH,ethereum,0x4c9edd5852cd905f086c759e8383e09bff1e68b3,2025-08-25 16:06:01.277240
0,1,Bitcoin,BTC,bitcoin,12290,2010-07-13T00:00:00.000Z,"['mineable', 'pow', 'sha-256', 'store-of-value', 'state-channel', 'coinbase-ventures-portfolio', 'three-arrows-capital-portfolio', 'polychain-capital-portfolio', 'binance-labs-portfolio', 'blockchain-capital-portfolio', 'boostvc-portfolio', 'cms-holdings-portfolio', 'dcg-portfolio', 'dragonfly-capital-portfolio', 'electric-capital-portfolio', 'fabric-ventures-portfolio', 'framework-ventures-portfolio', 'galaxy-digital-portfolio', 'huobi-capital-portfolio', 'alameda-research-portfolio', 'a16z-portfolio', '1confirmation-portfolio', 'winklevoss-capital-portfolio', 'usv-portfolio', 'placeholder-ventures-portfolio', 'pantera-capital-portfolio', 'multicoin-capital-portfolio', 'paradigm-portfolio', 'bitcoin-ecosystem', 'layer-1', 'ftx-bankruptcy-estate', '2017-2018-alt-season', 'us-strategic-crypto-reserve', 'binance-ecosystem', 'binance-listing']",21000000.0,19911262.0,19911262.0,False,Data inaccessible by API,1.0,Data inaccessible by API,Data inaccessible by API,Data inaccessible by API,2025-08-25T10:36:00.000Z,111248.03338114932,80354322785.41875,52.766,-0.1775833,-2.91282251,-3.43757483,-5.66151191,3.56628901,1.33964504,2215088739636.81,57.6297,2336208701004.14,Data inaccessible by API,2025-08-25T10:36:00.000Z,Data inaccessible by API,Data inaccessible by API,Data inaccessible by API,Data inaccessible by API,Data inaccessible by API,2025-08-25 16:07:02.449056
1,1027,Ethereum,ETH,ethereum,10469,2015-08-07T00:00:00.000Z,"['pos', 'smart-contracts', 'ethereum-ecosystem', 'coinbase-ventures-portfolio', 'three-arrows-capital-portfolio', 'polychain-capital-portfolio', 'binance-labs-portfolio', 'blockchain-capital-portfolio', 'boostvc-portfolio', 'cms-holdings-portfolio', 'dcg-portfolio', 'dragonfly-capital-portfolio', 'electric-capital-portfolio', 'fabric-ventures-portfolio', 'framework-ventures-portfolio', 'hashkey-capital-portfolio', 'kenetic-capital-portfolio', 'huobi-capital-portfolio', 'alameda-research-portfolio', 'a16z-portfolio', '1confirmation-portfolio', 'winklevoss-capital-portfolio', 'usv-portfolio', 'placeholder-ventures-portfolio', 'pantera-capital-portfolio', 'multicoin-capital-portfolio', 'paradigm-portfolio', 'ethereum-pow-ecosystem', 'layer-1', 'ftx-bankruptcy-estate', 'sora-ecosystem', 'rsk-rbtc-ecosystem', 'world-liberty-financial-portfolio', 'us-strategic-crypto-reserve', 'binance-ecosystem', 'binance-listing']",Data inaccessible by API,120707098.1711658,120707098.1711658,True,Data inaccessible by API,2.0,Data inaccessible by API,Data inaccessible by API,Data inaccessible by API,2025-08-25T10:36:00.000Z,4545.475946426009,61022309364.57674,117.4907,-0.9480954,-4.06398563,6.04213209,20.62338376,84.67217413,72.28630098,548671211299.917,14.2737,548671211299.92,Data inaccessible by API,2025-08-25T10:36:00.000Z,Data inaccessible by API,Data inaccessible by API,Data inaccessible by API,Data inaccessible by API,Data inaccessible by API,2025-08-25 16:07:02.449056
2,52,XRP,XRP,xrp,1681,2013-08-04T00:00:00.000Z,"['medium-of-exchange', 'enterprise-solutions', 'xrp-ecosystem', 'arrington-xrp-capital-portfolio', 'galaxy-digital-portfolio', 'a16z-portfolio', 'pantera-capital-portfolio', 'ftx-bankruptcy-estate', '2017-2018-alt-season', 'klaytn-ecosystem', 'made-in-america', 'us-strategic-crypto-reserve', 'binance-ecosystem', 'binance-listing']",100000000000.0,59482264023.0,99985819185.0,False,Data inaccessible by API,3.0,Data inaccessible by API,Data inaccessible by API,Data inaccessible by API,2025-08-25T10:36:00.000Z,2.929808699130413,7561733924.224832,114.7177,-0.39009378,-2.70190078,-1.16589872,-8.50705126,34.42832458,26.4127426,174271654578.5574,4.5337,292980869913.04,Data inaccessible by API,2025-08-25T10:36:00.000Z,Data inaccessible by API,Data inaccessible by API,Data inaccessible by API,Data inaccessible by API,Data inaccessible by API,2025-08-25 16:07:02.449056
3,825,Tether USDt,USDT,tether,142591,2015-02-25T00:00:00.000Z,"['stablecoin', 'asset-backed-stablecoin', 'usd-stablecoin', 'ethereum-pow-ecosystem', 'fiat-stablecoin', 'tron20-ecosystem', 'rsk-rbtc-ecosystem', 'world-liberty-financial-portfolio', 'binance-ecosystem', 'binance-listing', 'peaq-ecosystem', 'apertum-ecosystem', 'etherlink-ecosystem', 'duckchain-ecosystem', 'onus-ecosystem', 'zedxion-smart-chain-ecosystem']",Data inaccessible by API,167150540379.7628,169734252948.3468,True,Data inaccessible by API,4.0,Data inaccessible by API,Data inaccessible by API,Data inaccessible by API,2025-08-25T10:35:00.000Z,0.9998497320837744,165348856145.1802,81.6464,0.01761877,0.01811896,-0.06440618,-0.03934466,-0.04666296,-0.04797936,167125423016.36392,4.3478,169708747335.84,Data inaccessible by API,2025-08-25T10:35:00.000Z,1027.0,Ethereum,ETH,ethereum,0xdac17f958d2ee523a2206206994597c13d831ec7,2025-08-25 16:07:02.449056
4,1839,BNB,BNB,bnb,2679,2017-07-25T00:00:00.000Z,"['marketplace', 'centralized-exchange', 'payments', 'smart-contracts', 'alameda-research-portfolio', 'multicoin-capital-portfolio', 'bnb-chain-ecosystem', 'layer-1', 'alleged-sec-securities', 'celsius-bankruptcy-estate', 'binance-ecosystem', 'binance-listing']",Data inaccessible by API,139287317.95,139287317.95,False,Data inaccessible by API,5.0,Data inaccessible by API,Data inaccessible by API,Data inaccessible by API,2025-08-25T10:35:00.000Z,852.3714607973488,3103961968.092358,33.7359,-0.72794515,-1.25814621,2.4652963,8.71469553,31.77673384,25.17830902,118724534671.58627,3.0886,118724534671.59,Data inaccessible by API,2025-08-25T10:35:00.000Z,Data inaccessible by API,Data inaccessible by API,Data inaccessible by API,Data inaccessible by API,Data inaccessible by API,2025-08-25 16:07:02.449056
5,5426,Solana,SOL,solana,974,2020-04-10T00:00:00.000Z,"['pos', 'platform', 'solana-ecosystem', 'cms-holdings-portfolio', 'kenetic-capital-portfolio', 'alameda-research-portfolio', 'multicoin-capital-portfolio', 'okx-ventures-portfolio', 'layer-1', 'ftx-bankruptcy-estate', 'alleged-sec-securities', 'cmc-crypto-awards-2024', 'made-in-america', 'us-strategic-crypto-reserve', 'binance-ecosystem', 'binance-listing']",Data inaccessible by API,540437373.5059353,608187600.7552623,True,Data inaccessible by API,6.0,525236893.3,102966727051.66393,Data inaccessible by API,2025-08-25T10:35:00.000Z,196.0386415446493,13706638141.46171,99.2186,-1.29899507,-4.65050807,8.29541244,3.63856816,36.27224185,11.32040578,105946608542.0618,2.7562,119228271056.36,Data inaccessible by API,2025-08-25T10:35:00.000Z,Data inaccessible by API,Data inaccessible by API,Data inaccessible by API,Data inaccessible by API,Data inaccessible by API,2025-08-25 16:07:02.449056
6,3408,USDC,USDC,usd-coin,30812,2018-10-08T00:00:00.000Z,"['medium-of-exchange', 'stablecoin', 'asset-backed-stablecoin', 'coinbase-ventures-portfolio', 'usd-stablecoin', 'ethereum-pow-ecosystem', 'fiat-stablecoin', 'tron20-ecosystem', 'made-in-america', 'world-liberty-financial-portfolio', 'sonic-ecosystem', 'binance-ecosystem', 'binance-listing', 'etherlink-ecosystem', 'unichain-ecosystem', 'vector-smart-chain-ecosystem']",Data inaccessible by API,67411752760.74382,67411752760.74382,False,Data inaccessible by API,7.0,60901219650.23,60890598477.9084,Data inaccessible by API,2025-08-25T10:36:00.000Z,0.999825600006328,23133652658.00801,123.9526,-0.01134863,-0.0015551,-0.01819587,-0.00207457,-0.00926765,0.01166804,67399996151.48894,1.7534,67399996151.49,Data inaccessible by API,2025-08-25T10:36:00.000Z,1027.0,Ethereum,ETH,ethereum,0xa0b86991c6218b36c1d19d4a2e9eb0ce3606eb48,2025-08-25 16:07:02.449056
7,1958,TRON,TRX,tron,1216,2017-09-13T00:00:00.000Z,"['media', 'payments', 'tron-ecosystem', 'layer-1', 'dwf-labs-portfolio', 'alleged-sec-securities', '2017-2018-alt-season', 'tron20-ecosystem', 'world-liberty-financial-portfolio', 'binance-ecosystem', 'binance-listing']",Data inaccessible by API,94667978256.1305,94667991686.2935,True,Data inaccessible by API,8.0,71659659264.0,25185636898.35836,Data inaccessible by API,2025-08-25T10:36:00.000Z,0.3514618567410769,1659519498.524486,116.5381,-0.08127279,-3.59342854,1.40534661,11.01842957,28.98352116,26.44532947,33272183411.82352,0.8656,33272188132.01,Data inaccessible by API,2025-08-25T10:36:00.000Z,Data inaccessible by API,Data inaccessible by API,Data inaccessible by API,Data inaccessible by API,Data inaccessible by API,2025-08-25 16:07:02.449056
8,74,Dogecoin,DOGE,dogecoin,1276,2013-12-15T00:00:00.000Z,"['mineable', 'pow', 'scrypt', 'medium-of-exchange', 'memes', 'payments', 'doggone-doggerel', 'osmosis-ecosystem', 'ftx-bankruptcy-estate', 'animal-memes', 'made-in-america', 'binance-ecosystem', 'binance-listing']",Data inaccessible by API,150663036383.70523,150663036383.70523,True,Data inaccessible by API,9.0,Data inaccessible by API,Data inaccessible by API,Data inaccessible by API,2025-08-25T10:35:00.000Z,0.2179708309040854,4008682760.103264,140.2424,-0.92575309,-5.20409347,-1.84191407,-8.96214002,34.02422607,-4.57068804,32840147227.08868,0.8543,32840147227.09,Data inaccessible by API,2025-08-25T10:35:00.000Z,Data inaccessible by API,Data inaccessible by API,Data inaccessible by API,Data inaccessible by API,Data inaccessible by API,2025-08-25 16:07:02.449056
9,2010,Cardano,ADA,cardano,1567,2017-10-01T00:00:00.000Z,"['dpos', 'pos', 'platform', 'research', 'smart-contracts', 'staking', 'cardano-ecosystem', 'cardano', 'layer-1', 'alleged-sec-securities', '2017-2018-alt-season', 'made-in-america', 'us-strategic-crypto-reserve', 'binance-ecosystem', 'binance-listing']",45000000000.0,35724891762.85982,44994674679.3984,False,Data inaccessible by API,10.0,37997904336.0,32655519359.864174,Data inaccessible by API,2025-08-25T10:35:00.000Z,0.8594031678985428,2807302191.005676,166.1611,-1.07621784,-3.74551838,-5.74829419,3.80702412,52.37568392,11.79219444,30702085153.83428,0.7988,38673142555.43,Data inaccessible by API,2025-08-25T10:35:00.000Z,Data inaccessible by API,Data inaccessible by API,Data inaccessible by API,Data inaccessible by API,Data inaccessible by API,2025-08-25 16:07:02.449056
10,1975,Chainlink,LINK,chainlink,2069,2017-09-20T00:00:00.000Z,"['platform', 'defi', 'interoperability', 'oracles', 'smart-contracts', 'ethereum-ecosystem', 'polkadot', 'heco-ecosystem', 'avalanche-ecosystem', 'solana-ecosystem', 'framework-ventures-portfolio', 'polygon-ecosystem', 'fantom-ecosystem', 'cardano-ecosystem', 'terra-ecosystem', 'web3', 'near-protocol-ecosystem', 'arbitrum-ecosystem', 'cross-chain', 'cardano', 'injective-ecosystem', 'bnb-chain-ecosystem', 'optimism-ecosystem', 'real-world-assets-protocols', 'gnosis-chain-ecosystem', 'sora-ecosystem', 'hoo-smart-chain-ecosystem', 'milkomeda-ecosystem', 'energi-ecosystem', 'made-in-america', 'world-liberty-financial-portfolio', 'binance-ecosystem', 'binance-listing', 'robotics']",1000000000.0,678099970.4527867,1000000000.0,False,Data inaccessible by API,11.0,Data inaccessible by API,Data inaccessible by API,Data inaccessible by API,2025-08-25T10:36:00.000Z,24.58348115228728,2147489945.3231006,83.5429,-1.41108089,-2.91446233,-1.02123306,33.48271458,86.28443387,54.7839974,16670057842.99264,0.4337,24583481152.29,Data inaccessible by API,2025-08-25T10:36:00.000Z,1027.0,Ethereum,ETH,ethereum,0x514910771af9ca656af840dff83e8264ecf986ca,2025-08-25 16:07:02.449056
11,32196,Hyperliquid,HYPE,hyperliquid,135,2024-07-15T10:14:50.000Z,"['decentralized-exchange-dex-token', 'defi', 'derivatives', 'layer-1', 'hyperliquid-ecosystem', 'binance-ecosystem', 'binance-listing']",1000000000.0,333928180.0,999993930.0,False,Data inaccessible by API,12.0,333931719.0,15039682248.6749,Data inaccessible by API,2025-08-25T10:36:00.000Z,45.03819611300506,307815348.7977719,121.9791,0.3354175,3.36820389,4.02449133,0.3715405,20.51000873,20.73844646,15039522858.498856,0.3913,45038196113.01,Data inaccessible by API,2025-08-25T10:36:00.000Z,32196.0,Hyperliquid,HYPE,hyperliquid,0x0d01dc56dcaaca66ad901c959b4011ec,2025-08-25 16:07:02.449056
12,512,Stellar,XLM,stellar,741,2014-08-05T00:00:00.000Z,"['medium-of-exchange', 'enterprise-solutions', 'decentralized-exchange-dex-token', 'defi', 'smart-contracts', 'hashkey-capital-portfolio', 'real-world-assets-protocols', '2017-2018-alt-season', 'made-in-america', 'binance-ecosystem', 'binance-listing']",50001806812.0,31351085043.612007,50001786889.0645,False,Data inaccessible by API,13.0,31531408660.0,12284263255.25229,Data inaccessible by API,2025-08-25T10:36:00.000Z,0.3895881528070078,388579539.309741,98.6974,-0.49655959,-3.79942974,-4.35044564,-11.84383431,62.20323155,34.74252975,12214011310.636211,0.3177,19480111552.9,Data inaccessible by API,2025-08-25T10:36:00.000Z,Data inaccessible by API,Data inaccessible by API,Data inaccessible by API,Data inaccessible by API,Data inaccessible by API,2025-08-25 16:07:02.449056
13,20947,Sui,SUI,sui,750,2022-07-12T08:03:11.000Z,"['binance-launchpool', 'coinbase-ventures-portfolio', 'binance-labs-portfolio', 'electric-capital-portfolio', 'a16z-portfolio', 'sui-ecosystem', 'layer-1', 'move-vm', 'cmc-crypto-yearbook-2024-2025', 'made-in-america', 'world-liberty-financial-portfolio', 'binance-ecosystem', 'binance-listing']",10000000000.0,3511924479.5699987,10000000000.0,False,Data inaccessible by API,14.0,3511924479.57,12137236586.688627,Data inaccessible by API,2025-08-25T10:36:00.000Z,3.456007285263352,2002107971.6817155,149.4037,-0.49144193,-4.97317147,-2.45501226,-14.39373922,28.83894197,-2.51059065,12137236586.688622,0.3158,34560072852.63,Data inaccessible by API,2025-08-25T10:36:00.000Z,Data inaccessible by API,Data inaccessible by API,Data inaccessible by API,Data inaccessible by API,Data inaccessible by API,2025-08-25 16:07:02.449056
14,29470,Ethena USDe,USDe,ethena-usde,200,2024-02-20T11:05:01.000Z,"['stablecoin', 'asset-backed-stablecoin', 'binance-labs-portfolio', 'dragonfly-capital-portfolio', 'usd-stablecoin', 'eigenlayer-ecosystem', 'binance-ecosystem']",Data inaccessible by API,12084889586.033997,12084889586.033997,True,Data inaccessible by API,15.0,Data inaccessible by API,Data inaccessible by API,Data inaccessible by API,2025-08-25T10:35:00.000Z,1.0004436977749616,262980842.58282244,42.4022,0.00685902,0.0067719,-0.08448601,-0.06516877,0.02191325,-0.02365488,12090251624.653976,0.3145,12090251624.65,Data inaccessible by API,2025-08-25T10:35:00.000Z,1027.0,Ethereum,ETH,ethereum,0x4c9edd5852cd905f086c759e8383e09bff1e68b3,2025-08-25 16:07:02.449056
0,1,Bitcoin,BTC,bitcoin,12290,2010-07-13T00:00:00.000Z,"['mineable', 'pow', 'sha-256', 'store-of-value', 'state-channel', 'coinbase-ventures-portfolio', 'three-arrows-capital-portfolio', 'polychain-capital-portfolio', 'binance-labs-portfolio', 'blockchain-capital-portfolio', 'boostvc-portfolio', 'cms-holdings-portfolio', 'dcg-portfolio', 'dragonfly-capital-portfolio', 'electric-capital-portfolio', 'fabric-ventures-portfolio', 'framework-ventures-portfolio', 'galaxy-digital-portfolio', 'huobi-capital-portfolio', 'alameda-research-portfolio', 'a16z-portfolio', '1confirmation-portfolio', 'winklevoss-capital-portfolio', 'usv-portfolio', 'placeholder-ventures-portfolio', 'pantera-capital-portfolio', 'multicoin-capital-portfolio', 'paradigm-portfolio', 'bitcoin-ecosystem', 'layer-1', 'ftx-bankruptcy-estate', '2017-2018-alt-season', 'us-strategic-crypto-reserve', 'binance-ecosystem', 'binance-listing']",21000000.0,19911400.0,19911400.0,False,Data inaccessible by API,1.0,Data inaccessible by API,Data inaccessible by API,Data inaccessible by API,2025-08-25T17:33:00.000Z,112559.35431682246,88970033557.59193,69.4111,-0.04532524,-1.47415111,-3.63329387,-4.65815729,4.88484412,2.25221828,2241214327543.9785,57.6814,2363746440653.27,Data inaccessible by API,2025-08-25T17:33:00.000Z,Data inaccessible by API,Data inaccessible by API,Data inaccessible by API,Data inaccessible by API,Data inaccessible by API,2025-08-25 23:04:57.752847
1,1027,Ethereum,ETH,ethereum,10469,2015-08-07T00:00:00.000Z,"['pos', 'smart-contracts', 'ethereum-ecosystem', 'coinbase-ventures-portfolio', 'three-arrows-capital-portfolio', 'polychain-capital-portfolio', 'binance-labs-portfolio', 'blockchain-capital-portfolio', 'boostvc-portfolio', 'cms-holdings-portfolio', 'dcg-portfolio', 'dragonfly-capital-portfolio', 'electric-capital-portfolio', 'fabric-ventures-portfolio', 'framework-ventures-portfolio', 'hashkey-capital-portfolio', 'kenetic-capital-portfolio', 'huobi-capital-portfolio', 'alameda-research-portfolio', 'a16z-portfolio', '1confirmation-portfolio', 'winklevoss-capital-portfolio', 'usv-portfolio', 'placeholder-ventures-portfolio', 'pantera-capital-portfolio', 'multicoin-capital-portfolio', 'paradigm-portfolio', 'ethereum-pow-ecosystem', 'layer-1', 'ftx-bankruptcy-estate', 'sora-ecosystem', 'rsk-rbtc-ecosystem', 'world-liberty-financial-portfolio', 'us-strategic-crypto-reserve', 'binance-ecosystem', 'binance-listing']",Data inaccessible by API,120707098.1711658,120707098.1711658,True,Data inaccessible by API,2.0,Data inaccessible by API,Data inaccessible by API,Data inaccessible by API,2025-08-25T17:32:00.000Z,4590.135707236869,67562410503.07136,110.9125,-0.57835813,-5.6110321,4.76612821,23.1102438,89.21335928,71.31360631,554061961432.4143,14.2597,554061961432.41,Data inaccessible by API,2025-08-25T17:32:00.000Z,Data inaccessible by API,Data inaccessible by API,Data inaccessible by API,Data inaccessible by API,Data inaccessible by API,2025-08-25 23:04:57.752847
2,52,XRP,XRP,xrp,1681,2013-08-04T00:00:00.000Z,"['medium-of-exchange', 'enterprise-solutions', 'xrp-ecosystem', 'arrington-xrp-capital-portfolio', 'galaxy-digital-portfolio', 'a16z-portfolio', 'pantera-capital-portfolio', 'ftx-bankruptcy-estate', '2017-2018-alt-season', 'klaytn-ecosystem', 'made-in-america', 'us-strategic-crypto-reserve', 'binance-ecosystem', 'binance-listing']",100000000000.0,59482264023.0,99985819185.0,False,Data inaccessible by API,3.0,Data inaccessible by API,Data inaccessible by API,Data inaccessible by API,2025-08-25T17:33:00.000Z,2.952224615382612,8028840978.327933,121.5004,-0.21483564,-2.77559993,-3.64228821,-7.24231439,39.52379743,26.38185383,175605004027.38815,4.5195,295222461538.26,Data inaccessible by API,2025-08-25T17:33:00.000Z,Data inaccessible by API,Data inaccessible by API,Data inaccessible by API,Data inaccessible by API,Data inaccessible by API,2025-08-25 23:04:57.752847
3,825,Tether USDt,USDT,tether,142640,2015-02-25T00:00:00.000Z,"['stablecoin', 'asset-backed-stablecoin', 'usd-stablecoin', 'ethereum-pow-ecosystem', 'fiat-stablecoin', 'tron20-ecosystem', 'rsk-rbtc-ecosystem', 'world-liberty-financial-portfolio', 'binance-ecosystem', 'binance-listing', 'peaq-ecosystem', 'apertum-ecosystem', 'etherlink-ecosystem', 'duckchain-ecosystem', 'onus-ecosystem', 'zedxion-smart-chain-ecosystem']",Data inaccessible by API,167150540379.7628,169734252948.3468,True,Data inaccessible by API,4.0,Data inaccessible by API,Data inaccessible by API,Data inaccessible by API,2025-08-25T17:32:00.000Z,1.0000886673642668,179769356996.2773,86.8149,-0.00269051,0.03730733,-0.05057147,-0.01671217,-0.02125471,-0.02875808,167165361177.61404,4.3023,169749302837.18,Data inaccessible by API,2025-08-25T17:32:00.000Z,1027.0,Ethereum,ETH,ethereum,0xdac17f958d2ee523a2206206994597c13d831ec7,2025-08-25 23:04:57.752847
4,1839,BNB,BNB,bnb,2679,2017-07-25T00:00:00.000Z,"['marketplace', 'centralized-exchange', 'payments', 'smart-contracts', 'alameda-research-portfolio', 'multicoin-capital-portfolio', 'bnb-chain-ecosystem', 'layer-1', 'alleged-sec-securities', 'celsius-bankruptcy-estate', 'binance-ecosystem', 'binance-listing']",Data inaccessible by API,139287302.54,139287302.54,False,Data inaccessible by API,5.0,Data inaccessible by API,Data inaccessible by API,Data inaccessible by API,2025-08-25T17:32:00.000Z,865.9756860995888,3276786507.409946,36.6194,-0.10506115,-0.62470207,2.48832754,11.05794915,33.94361865,25.02697297,120619417382.03748,3.1043,120619417382.04,Data inaccessible by API,2025-08-25T17:32:00.000Z,Data inaccessible by API,Data inaccessible by API,Data inaccessible by API,Data inaccessible by API,Data inaccessible by API,2025-08-25 23:04:57.752847
5,5426,Solana,SOL,solana,974,2020-04-10T00:00:00.000Z,"['pos', 'platform', 'solana-ecosystem', 'cms-holdings-portfolio', 'kenetic-capital-portfolio', 'alameda-research-portfolio', 'multicoin-capital-portfolio', 'okx-ventures-portfolio', 'layer-1', 'ftx-bankruptcy-estate', 'alleged-sec-securities', 'cmc-crypto-awards-2024', 'made-in-america', 'us-strategic-crypto-reserve', 'binance-ecosystem', 'binance-listing']",Data inaccessible by API,540561116.9261018,608331531.1580846,True,Data inaccessible by API,6.0,525236893.3,103496836455.2764,Data inaccessible by API,2025-08-25T17:32:00.000Z,197.04791833075217,14226008830.486122,84.5992,-0.06982376,-5.15950281,6.68009079,5.8739295,38.58233813,10.56433321,106516442820.83469,2.7414,119870461869.66,Data inaccessible by API,2025-08-25T17:32:00.000Z,Data inaccessible by API,Data inaccessible by API,Data inaccessible by API,Data inaccessible by API,Data inaccessible by API,2025-08-25 23:04:57.752847
6,3408,USDC,USDC,usd-coin,30821,2018-10-08T00:00:00.000Z,"['medium-of-exchange', 'stablecoin', 'asset-backed-stablecoin', 'coinbase-ventures-portfolio', 'usd-stablecoin', 'ethereum-pow-ecosystem', 'fiat-stablecoin', 'tron20-ecosystem', 'made-in-america', 'world-liberty-financial-portfolio', 'sonic-ecosystem', 'binance-ecosystem', 'binance-listing', 'etherlink-ecosystem', 'unichain-ecosystem', 'vector-smart-chain-ecosystem']",Data inaccessible by API,67382553730.44138,67382553730.44138,False,Data inaccessible by API,7.0,60901219650.23,60903253775.291504,Data inaccessible by API,2025-08-25T17:32:00.000Z,1.0000334003994202,24821402060.44268,120.3236,0.0037926,-0.0037682,0.00515406,0.00984024,0.01686164,0.0286906,67384804334.64993,1.7343,67384804334.65,Data inaccessible by API,2025-08-25T17:32:00.000Z,1027.0,Ethereum,ETH,ethereum,0xa0b86991c6218b36c1d19d4a2e9eb0ce3606eb48,2025-08-25 23:04:57.752847
7,1958,TRON,TRX,tron,1216,2017-09-13T00:00:00.000Z,"['media', 'payments', 'tron-ecosystem', 'layer-1', 'dwf-labs-portfolio', 'alleged-sec-securities', '2017-2018-alt-season', 'tron20-ecosystem', 'world-liberty-financial-portfolio', 'binance-ecosystem', 'binance-listing']",Data inaccessible by API,94666219153.23836,94666231845.87798,True,Data inaccessible by API,8.0,71659659264.0,25171737080.000763,Data inaccessible by API,2025-08-25T17:33:00.000Z,0.3512678868213152,1900791720.3042064,156.1714,-0.31636371,-4.27877442,0.52883082,9.61143813,29.3926399,27.3655777,33253202755.321552,0.8558,33253207213.84,Data inaccessible by API,2025-08-25T17:33:00.000Z,Data inaccessible by API,Data inaccessible by API,Data inaccessible by API,Data inaccessible by API,Data inaccessible by API,2025-08-25 23:04:57.752847
8,74,Dogecoin,DOGE,dogecoin,1276,2013-12-15T00:00:00.000Z,"['mineable', 'pow', 'scrypt', 'medium-of-exchange', 'memes', 'payments', 'doggone-doggerel', 'osmosis-ecosystem', 'ftx-bankruptcy-estate', 'animal-memes', 'made-in-america', 'binance-ecosystem', 'binance-listing']",Data inaccessible by API,150667086383.7052,150667086383.7052,True,Data inaccessible by API,9.0,Data inaccessible by API,Data inaccessible by API,Data inaccessible by API,2025-08-25T17:32:00.000Z,0.2186779460773393,4196369355.91604,147.6763,-0.35802807,-6.2718035,-2.49045041,-7.81415734,36.65770967,-4.3649733,32947568991.84572,0.848,32947568991.85,Data inaccessible by API,2025-08-25T17:32:00.000Z,Data inaccessible by API,Data inaccessible by API,Data inaccessible by API,Data inaccessible by API,Data inaccessible by API,2025-08-25 23:04:57.752847
9,2010,Cardano,ADA,cardano,1567,2017-10-01T00:00:00.000Z,"['dpos', 'pos', 'platform', 'research', 'smart-contracts', 'staking', 'cardano-ecosystem', 'cardano', 'layer-1', 'alleged-sec-securities', '2017-2018-alt-season', 'made-in-america', 'us-strategic-crypto-reserve', 'binance-ecosystem', 'binance-listing']",45000000000.0,35724891762.85982,44994674679.3984,False,Data inaccessible by API,10.0,37997904336.0,33046166127.527565,Data inaccessible by API,2025-08-25T17:32:00.000Z,0.8696839129682987,3009741804.265285,170.8946,-0.66976997,-4.73023402,-6.27534767,4.68408075,56.8282755,13.17562085,31069363658.69287,0.7996,39135776083.57,Data inaccessible by API,2025-08-25T17:32:00.000Z,Data inaccessible by API,Data inaccessible by API,Data inaccessible by API,Data inaccessible by API,Data inaccessible by API,2025-08-25 23:04:57.752847
10,1975,Chainlink,LINK,chainlink,2069,2017-09-20T00:00:00.000Z,"['platform', 'defi', 'interoperability', 'oracles', 'smart-contracts', 'ethereum-ecosystem', 'polkadot', 'heco-ecosystem', 'avalanche-ecosystem', 'solana-ecosystem', 'framework-ventures-portfolio', 'polygon-ecosystem', 'fantom-ecosystem', 'cardano-ecosystem', 'terra-ecosystem', 'web3', 'near-protocol-ecosystem', 'arbitrum-ecosystem', 'cross-chain', 'cardano', 'injective-ecosystem', 'bnb-chain-ecosystem', 'optimism-ecosystem', 'real-world-assets-protocols', 'gnosis-chain-ecosystem', 'sora-ecosystem', 'hoo-smart-chain-ecosystem', 'milkomeda-ecosystem', 'energi-ecosystem', 'made-in-america', 'world-liberty-financial-portfolio', 'binance-ecosystem', 'binance-listing', 'robotics']",1000000000.0,678099970.4527867,1000000000.0,False,Data inaccessible by API,11.0,Data inaccessible by API,Data inaccessible by API,Data inaccessible by API,2025-08-25T17:32:00.000Z,24.47678690204667,2335174452.895858,122.5492,-0.67514701,-5.34822031,-3.82385612,33.398077,87.30153499,53.42709429,16597708475.057005,0.4272,24476786902.05,Data inaccessible by API,2025-08-25T17:32:00.000Z,1027.0,Ethereum,ETH,ethereum,0x514910771af9ca656af840dff83e8264ecf986ca,2025-08-25 23:04:57.752847
11,32196,Hyperliquid,HYPE,hyperliquid,135,2024-07-15T10:14:50.000Z,"['decentralized-exchange-dex-token', 'defi', 'derivatives', 'layer-1', 'hyperliquid-ecosystem', 'binance-ecosystem', 'binance-listing']",1000000000.0,333928180.0,999993930.0,False,Data inaccessible by API,12.0,333931719.0,15306676348.50161,Data inaccessible by API,2025-08-25T17:33:00.000Z,45.83774310011446,370396095.0187171,164.9121,-1.12842383,2.33810226,2.95407091,4.69227679,25.56517664,21.32703,15306514128.72878,0.3939,45837743100.11,Data inaccessible by API,2025-08-25T17:33:00.000Z,32196.0,Hyperliquid,HYPE,hyperliquid,0x0d01dc56dcaaca66ad901c959b4011ec,2025-08-25 23:04:57.752847
12,512,Stellar,XLM,stellar,741,2014-08-05T00:00:00.000Z,"['medium-of-exchange', 'enterprise-solutions', 'decentralized-exchange-dex-token', 'defi', 'smart-contracts', 'hashkey-capital-portfolio', 'real-world-assets-protocols', '2017-2018-alt-season', 'made-in-america', 'binance-ecosystem', 'binance-listing']",50001806812.0,31351079295.221573,50001786889.0645,False,Data inaccessible by API,13.0,31531408660.0,12427469739.218424,Data inaccessible by API,2025-08-25T17:33:00.000Z,0.394129861853702,414709185.81403065,120.7083,0.19094775,-3.88906399,-5.01665457,-10.38548601,67.65774255,36.14530108,12356396551.590136,0.318,19707205211.25,Data inaccessible by API,2025-08-25T17:33:00.000Z,Data inaccessible by API,Data inaccessible by API,Data inaccessible by API,Data inaccessible by API,Data inaccessible by API,2025-08-25 23:04:57.752847
13,20947,Sui,SUI,sui,750,2022-07-12T08:03:11.000Z,"['binance-launchpool', 'coinbase-ventures-portfolio', 'binance-labs-portfolio', 'electric-capital-portfolio', 'a16z-portfolio', 'sui-ecosystem', 'layer-1', 'move-vm', 'cmc-crypto-yearbook-2024-2025', 'made-in-america', 'world-liberty-financial-portfolio', 'binance-ecosystem', 'binance-listing']",10000000000.0,3511924479.5699987,10000000000.0,False,Data inaccessible by API,14.0,3511924479.57,12136234727.310509,Data inaccessible by API,2025-08-25T17:33:00.000Z,3.4557220116522744,2146335467.3654208,146.383,-0.55714084,-6.17320877,-5.25550137,-18.16251075,32.13921583,-5.29543953,12136234727.310505,0.3123,34557220116.52,Data inaccessible by API,2025-08-25T17:33:00.000Z,Data inaccessible by API,Data inaccessible by API,Data inaccessible by API,Data inaccessible by API,Data inaccessible by API,2025-08-25 23:04:57.752847
14,29470,Ethena USDe,USDe,ethena-usde,200,2024-02-20T11:05:01.000Z,"['stablecoin', 'asset-backed-stablecoin', 'binance-labs-portfolio', 'dragonfly-capital-portfolio', 'usd-stablecoin', 'eigenlayer-ecosystem', 'binance-ecosystem']",Data inaccessible by API,12097203044.913414,12097203044.913414,True,Data inaccessible by API,15.0,Data inaccessible by API,Data inaccessible by API,Data inaccessible by API,2025-08-25T17:32:00.000Z,1.0006057718270474,314675536.716124,112.7752,0.01065601,0.03458986,-0.08459147,-0.04964184,0.08639409,-0.00463695,12104531189.704094,0.3115,12104531189.7,Data inaccessible by API,2025-08-25T17:32:00.000Z,1027.0,Ethereum,ETH,ethereum,0x4c9edd5852cd905f086c759e8383e09bff1e68b3,2025-08-25 23:04:57.752847
0,1,Bitcoin,BTC,bitcoin,12290,2010-07-13T00:00:00.000Z,"['mineable', 'pow', 'sha-256', 'store-of-value', 'state-channel', 'coinbase-ventures-portfolio', 'three-arrows-capital-portfolio', 'polychain-capital-portfolio', 'binance-labs-portfolio', 'blockchain-capital-portfolio', 'boostvc-portfolio', 'cms-holdings-portfolio', 'dcg-portfolio', 'dragonfly-capital-portfolio', 'electric-capital-portfolio', 'fabric-ventures-portfolio', 'framework-ventures-portfolio', 'galaxy-digital-portfolio', 'huobi-capital-portfolio', 'alameda-research-portfolio', 'a16z-portfolio', '1confirmation-portfolio', 'winklevoss-capital-portfolio', 'usv-portfolio', 'placeholder-ventures-portfolio', 'pantera-capital-portfolio', 'multicoin-capital-portfolio', 'paradigm-portfolio', 'bitcoin-ecosystem', 'layer-1', 'ftx-bankruptcy-estate', '2017-2018-alt-season', 'us-strategic-crypto-reserve', 'binance-ecosystem', 'binance-listing']",21000000.0,19911400.0,19911400.0,False,Data inaccessible by API,1.0,Data inaccessible by API,Data inaccessible by API,Data inaccessible by API,2025-08-25T17:33:00.000Z,112559.35431682246,88970033557.59193,69.4111,-0.04532524,-1.47415111,-3.63329387,-4.65815729,4.88484412,2.25221828,2241214327543.9785,57.6814,2363746440653.27,Data inaccessible by API,2025-08-25T17:33:00.000Z,Data inaccessible by API,Data inaccessible by API,Data inaccessible by API,Data inaccessible by API,Data inaccessible by API,2025-08-25 23:05:59.033373
1,1027,Ethereum,ETH,ethereum,10469,2015-08-07T00:00:00.000Z,"['pos', 'smart-contracts', 'ethereum-ecosystem', 'coinbase-ventures-portfolio', 'three-arrows-capital-portfolio', 'polychain-capital-portfolio', 'binance-labs-portfolio', 'blockchain-capital-portfolio', 'boostvc-portfolio', 'cms-holdings-portfolio', 'dcg-portfolio', 'dragonfly-capital-portfolio', 'electric-capital-portfolio', 'fabric-ventures-portfolio', 'framework-ventures-portfolio', 'hashkey-capital-portfolio', 'kenetic-capital-portfolio', 'huobi-capital-portfolio', 'alameda-research-portfolio', 'a16z-portfolio', '1confirmation-portfolio', 'winklevoss-capital-portfolio', 'usv-portfolio', 'placeholder-ventures-portfolio', 'pantera-capital-portfolio', 'multicoin-capital-portfolio', 'paradigm-portfolio', 'ethereum-pow-ecosystem', 'layer-1', 'ftx-bankruptcy-estate', 'sora-ecosystem', 'rsk-rbtc-ecosystem', 'world-liberty-financial-portfolio', 'us-strategic-crypto-reserve', 'binance-ecosystem', 'binance-listing']",Data inaccessible by API,120707098.1711658,120707098.1711658,True,Data inaccessible by API,2.0,Data inaccessible by API,Data inaccessible by API,Data inaccessible by API,2025-08-25T17:34:00.000Z,4588.886549697679,67246151331.90562,109.0786,-0.5604246,-5.57879539,4.84658166,23.05708604,89.1324238,71.04187946,553911179250.7,14.2558,553911179250.7,Data inaccessible by API,2025-08-25T17:34:00.000Z,Data inaccessible by API,Data inaccessible by API,Data inaccessible by API,Data inaccessible by API,Data inaccessible by API,2025-08-25 23:05:59.033373
2,52,XRP,XRP,xrp,1681,2013-08-04T00:00:00.000Z,"['medium-of-exchange', 'enterprise-solutions', 'xrp-ecosystem', 'arrington-xrp-capital-portfolio', 'galaxy-digital-portfolio', 'a16z-portfolio', 'pantera-capital-portfolio', 'ftx-bankruptcy-estate', '2017-2018-alt-season', 'klaytn-ecosystem', 'made-in-america', 'us-strategic-crypto-reserve', 'binance-ecosystem', 'binance-listing']",100000000000.0,59482264023.0,99985819185.0,False,Data inaccessible by API,3.0,Data inaccessible by API,Data inaccessible by API,Data inaccessible by API,2025-08-25T17:34:00.000Z,2.9485912633557683,8029239218.144985,121.4207,-0.29110482,-2.89099523,-3.87831167,-7.34626727,39.30873609,26.22113081,175388884022.83893,4.5139,294859126335.58,Data inaccessible by API,2025-08-25T17:34:00.000Z,Data inaccessible by API,Data inaccessible by API,Data inaccessible by API,Data inaccessible by API,Data inaccessible by API,2025-08-25 23:05:59.033373
3,825,Tether USDt,USDT,tether,142640,2015-02-25T00:00:00.000Z,"['stablecoin', 'asset-backed-stablecoin', 'usd-stablecoin', 'ethereum-pow-ecosystem', 'fiat-stablecoin', 'tron20-ecosystem', 'rsk-rbtc-ecosystem', 'world-liberty-financial-portfolio', 'binance-ecosystem', 'binance-listing', 'peaq-ecosystem', 'apertum-ecosystem', 'etherlink-ecosystem', 'duckchain-ecosystem', 'onus-ecosystem', 'zedxion-smart-chain-ecosystem']",Data inaccessible by API,167150540379.7628,169734252948.3468,True,Data inaccessible by API,4.0,Data inaccessible by API,Data inaccessible by API,Data inaccessible by API,2025-08-25T17:33:00.000Z,0.9999318665084814,179773620814.17075,89.0526,0.0018707,0.02302375,-0.06209074,-0.03495449,-0.03519256,-0.04826653,167139151829.8375,4.3016,169722688361.06,Data inaccessible by API,2025-08-25T17:33:00.000Z,1027.0,Ethereum,ETH,ethereum,0xdac17f958d2ee523a2206206994597c13d831ec7,2025-08-25 23:05:59.033373
4,1839,BNB,BNB,bnb,2679,2017-07-25T00:00:00.000Z,"['marketplace', 'centralized-exchange', 'payments', 'smart-contracts', 'alameda-research-portfolio', 'multicoin-capital-portfolio', 'bnb-chain-ecosystem', 'layer-1', 'alleged-sec-securities', 'celsius-bankruptcy-estate', 'binance-ecosystem', 'binance-listing']",Data inaccessible by API,139287302.54,139287302.54,False,Data inaccessible by API,5.0,Data inaccessible by API,Data inaccessible by API,Data inaccessible by API,2025-08-25T17:33:00.000Z,865.9315152208703,3277366730.3166933,36.6463,-0.10330781,-0.62325809,2.31065405,11.11653004,33.93307822,25.02923492,120613264939.48996,3.1042,120613264939.49,Data inaccessible by API,2025-08-25T17:33:00.000Z,Data inaccessible by API,Data inaccessible by API,Data inaccessible by API,Data inaccessible by API,Data inaccessible by API,2025-08-25 23:05:59.033373
5,5426,Solana,SOL,solana,974,2020-04-10T00:00:00.000Z,"['pos', 'platform', 'solana-ecosystem', 'cms-holdings-portfolio', 'kenetic-capital-portfolio', 'alameda-research-portfolio', 'multicoin-capital-portfolio', 'okx-ventures-portfolio', 'layer-1', 'ftx-bankruptcy-estate', 'alleged-sec-securities', 'cmc-crypto-awards-2024', 'made-in-america', 'us-strategic-crypto-reserve', 'binance-ecosystem', 'binance-listing']",Data inaccessible by API,540561116.9261018,608331531.1580846,True,Data inaccessible by API,6.0,525236893.3,103474170763.02936,Data inaccessible by API,2025-08-25T17:33:00.000Z,197.004765055466,14227793100.041372,84.6008,-0.09096166,-5.19195491,6.20337971,5.93404507,38.61397008,10.58023278,106493115838.14696,2.7408,119844210371.63,Data inaccessible by API,2025-08-25T17:33:00.000Z,Data inaccessible by API,Data inaccessible by API,Data inaccessible by API,Data inaccessible by API,Data inaccessible by API,2025-08-25 23:05:59.033373
6,3408,USDC,USDC,usd-coin,30821,2018-10-08T00:00:00.000Z,"['medium-of-exchange', 'stablecoin', 'asset-backed-stablecoin', 'coinbase-ventures-portfolio', 'usd-stablecoin', 'ethereum-pow-ecosystem', 'fiat-stablecoin', 'tron20-ecosystem', 'made-in-america', 'world-liberty-financial-portfolio', 'sonic-ecosystem', 'binance-ecosystem', 'binance-listing', 'etherlink-ecosystem', 'unichain-ecosystem', 'vector-smart-chain-ecosystem']",Data inaccessible by API,67382553730.44138,67382553730.44138,False,Data inaccessible by API,7.0,60901219650.23,60896451274.89358,Data inaccessible by API,2025-08-25T17:34:00.000Z,0.9999217031224692,24993187275.46238,142.5688,0.00814975,0.00701648,-0.01819756,0.00464516,0.0076892,0.0195454,67377277886.88425,1.7341,67377277886.88,Data inaccessible by API,2025-08-25T17:34:00.000Z,1027.0,Ethereum,ETH,ethereum,0xa0b86991c6218b36c1d19d4a2e9eb0ce3606eb48,2025-08-25 23:05:59.033373
7,1958,TRON,TRX,tron,1216,2017-09-13T00:00:00.000Z,"['media', 'payments', 'tron-ecosystem', 'layer-1', 'dwf-labs-portfolio', 'alleged-sec-securities', '2017-2018-alt-season', 'tron20-ecosystem', 'world-liberty-financial-portfolio', 'binance-ecosystem', 'binance-listing']",Data inaccessible by API,94666219153.23836,94666231845.87798,True,Data inaccessible by API,8.0,71659659264.0,25155352818.973263,Data inaccessible by API,2025-08-25T17:34:00.000Z,0.3510392468696914,1911536968.2867184,157.9606,-0.35463278,-4.32985864,0.44817764,9.55676565,29.31379068,27.28767718,33231558275.553947,0.8553,33231562731.17,Data inaccessible by API,2025-08-25T17:34:00.000Z,Data inaccessible by API,Data inaccessible by API,Data inaccessible by API,Data inaccessible by API,Data inaccessible by API,2025-08-25 23:05:59.033373
8,74,Dogecoin,DOGE,dogecoin,1276,2013-12-15T00:00:00.000Z,"['mineable', 'pow', 'scrypt', 'medium-of-exchange', 'memes', 'payments', 'doggone-doggerel', 'osmosis-ecosystem', 'ftx-bankruptcy-estate', 'animal-memes', 'made-in-america', 'binance-ecosystem', 'binance-listing']",Data inaccessible by API,150667086383.7052,150667086383.7052,True,Data inaccessible by API,9.0,Data inaccessible by API,Data inaccessible by API,Data inaccessible by API,2025-08-25T17:33:00.000Z,0.2185830573994381,4196489700.9830766,147.4313,-0.38824972,-6.33565983,-2.77665939,-7.7410703,36.67542291,-4.35859956,32933272391.21553,0.8476,32933272391.22,Data inaccessible by API,2025-08-25T17:33:00.000Z,Data inaccessible by API,Data inaccessible by API,Data inaccessible by API,Data inaccessible by API,Data inaccessible by API,2025-08-25 23:05:59.033373
9,2010,Cardano,ADA,cardano,1567,2017-10-01T00:00:00.000Z,"['dpos', 'pos', 'platform', 'research', 'smart-contracts', 'staking', 'cardano-ecosystem', 'cardano', 'layer-1', 'alleged-sec-securities', '2017-2018-alt-season', 'made-in-america', 'us-strategic-crypto-reserve', 'binance-ecosystem', 'binance-listing']",45000000000.0,35724891762.85982,44994674679.3984,False,Data inaccessible by API,10.0,37997904336.0,33037778357.72708,Data inaccessible by API,2025-08-25T17:33:00.000Z,0.8694631700103105,3009183561.86592,170.6771,-0.68646478,-4.7768499,-6.44135048,4.83094413,56.80869409,13.15659154,31061477640.411327,0.7994,39125842650.46,Data inaccessible by API,2025-08-25T17:33:00.000Z,Data inaccessible by API,Data inaccessible by API,Data inaccessible by API,Data inaccessible by API,Data inaccessible by API,2025-08-25 23:05:59.033373
10,1975,Chainlink,LINK,chainlink,2069,2017-09-20T00:00:00.000Z,"['platform', 'defi', 'interoperability', 'oracles', 'smart-contracts', 'ethereum-ecosystem', 'polkadot', 'heco-ecosystem', 'avalanche-ecosystem', 'solana-ecosystem', 'framework-ventures-portfolio', 'polygon-ecosystem', 'fantom-ecosystem', 'cardano-ecosystem', 'terra-ecosystem', 'web3', 'near-protocol-ecosystem', 'arbitrum-ecosystem', 'cross-chain', 'cardano', 'injective-ecosystem', 'bnb-chain-ecosystem', 'optimism-ecosystem', 'real-world-assets-protocols', 'gnosis-chain-ecosystem', 'sora-ecosystem', 'hoo-smart-chain-ecosystem', 'milkomeda-ecosystem', 'energi-ecosystem', 'made-in-america', 'world-liberty-financial-portfolio', 'binance-ecosystem', 'binance-listing', 'robotics']",1000000000.0,678099970.4527867,1000000000.0,False,Data inaccessible by API,11.0,Data inaccessible by API,Data inaccessible by API,Data inaccessible by API,2025-08-25T17:34:00.000Z,24.43033658189493,2302598771.2826333,115.9475,-0.67251541,-5.61117628,-4.02054371,33.38009183,87.03050305,53.06502785,16566210514.334587,0.4264,24430336581.89,Data inaccessible by API,2025-08-25T17:34:00.000Z,1027.0,Ethereum,ETH,ethereum,0x514910771af9ca656af840dff83e8264ecf986ca,2025-08-25 23:05:59.033373
11,32196,Hyperliquid,HYPE,hyperliquid,135,2024-07-15T10:14:50.000Z,"['decentralized-exchange-dex-token', 'defi', 'derivatives', 'layer-1', 'hyperliquid-ecosystem', 'binance-ecosystem', 'binance-listing']",1000000000.0,333928180.0,999993930.0,False,Data inaccessible by API,12.0,333931719.0,15306676348.50161,Data inaccessible by API,2025-08-25T17:33:00.000Z,45.83774310011446,370396095.0187171,164.9121,-1.12842383,2.33810226,2.95407091,4.69227679,25.56517664,21.32703,15306514128.72878,0.3939,45837743100.11,Data inaccessible by API,2025-08-25T17:33:00.000Z,32196.0,Hyperliquid,HYPE,hyperliquid,0x0d01dc56dcaaca66ad901c959b4011ec,2025-08-25 23:05:59.033373
12,512,Stellar,XLM,stellar,741,2014-08-05T00:00:00.000Z,"['medium-of-exchange', 'enterprise-solutions', 'decentralized-exchange-dex-token', 'defi', 'smart-contracts', 'hashkey-capital-portfolio', 'real-world-assets-protocols', '2017-2018-alt-season', 'made-in-america', 'binance-ecosystem', 'binance-listing']",50001806812.0,31351079295.221573,50001786889.0645,False,Data inaccessible by API,13.0,31531408660.0,12422859343.559378,Data inaccessible by API,2025-08-25T17:34:00.000Z,0.3939836458787432,415415334.0697847,120.9689,0.16916392,-3.93278359,-5.05728352,-10.41624586,67.6041265,36.07665868,12351812522.964975,0.3179,19699894148.32,Data inaccessible by API,2025-08-25T17:34:00.000Z,Data inaccessible by API,Data inaccessible by API,Data inaccessible by API,Data inaccessible by API,Data inaccessible by API,2025-08-25 23:05:59.033373
13,20947,Sui,SUI,sui,750,2022-07-12T08:03:11.000Z,"['binance-launchpool', 'coinbase-ventures-portfolio', 'binance-labs-portfolio', 'electric-capital-portfolio', 'a16z-portfolio', 'sui-ecosystem', 'layer-1', 'move-vm', 'cmc-crypto-yearbook-2024-2025', 'made-in-america', 'world-liberty-financial-portfolio', 'binance-ecosystem', 'binance-listing']",10000000000.0,3511924479.5699987,10000000000.0,False,Data inaccessible by API,14.0,3511924479.57,12121273209.665531,Data inaccessible by API,2025-08-25T17:34:00.000Z,3.4514618068181404,2146064406.1302185,146.434,-0.66243551,-6.27767783,-5.38156352,-18.27387805,32.00540025,-5.41551071,12121273209.665524,0.312,34514618068.18,Data inaccessible by API,2025-08-25T17:34:00.000Z,Data inaccessible by API,Data inaccessible by API,Data inaccessible by API,Data inaccessible by API,Data inaccessible by API,2025-08-25 23:05:59.033373
14,29470,Ethena USDe,USDe,ethena-usde,200,2024-02-20T11:05:01.000Z,"['stablecoin', 'asset-backed-stablecoin', 'binance-labs-portfolio', 'dragonfly-capital-portfolio', 'usd-stablecoin', 'eigenlayer-ecosystem', 'binance-ecosystem']",Data inaccessible by API,12097203044.913414,12097203044.913414,True,Data inaccessible by API,15.0,Data inaccessible by API,Data inaccessible by API,Data inaccessible by API,2025-08-25T17:33:00.000Z,1.0006046492387246,314753224.5313184,113.0478,0.00602716,0.03495949,-0.07876446,-0.04351644,0.07603701,-0.00096017,12104517609.525215,0.3115,12104517609.53,Data inaccessible by API,2025-08-25T17:33:00.000Z,1027.0,Ethereum,ETH,ethereum,0x4c9edd5852cd905f086c759e8383e09bff1e68b3,2025-08-25 23:05:59.033373
0,1,Bitcoin,BTC,bitcoin,12290,2010-07-13T00:00:00.000Z,"['mineable', 'pow', 'sha-256', 'store-of-value', 'state-channel', 'coinbase-ventures-portfolio', 'three-arrows-capital-portfolio', 'polychain-capital-portfolio', 'binance-labs-portfolio', 'blockchain-capital-portfolio', 'boostvc-portfolio', 'cms-holdings-portfolio', 'dcg-portfolio', 'dragonfly-capital-portfolio', 'electric-capital-portfolio', 'fabric-ventures-portfolio', 'framework-ventures-portfolio', 'galaxy-digital-portfolio', 'huobi-capital-portfolio', 'alameda-research-portfolio', 'a16z-portfolio', '1confirmation-portfolio', 'winklevoss-capital-portfolio', 'usv-portfolio', 'placeholder-ventures-portfolio', 'pantera-capital-portfolio', 'multicoin-capital-portfolio', 'paradigm-portfolio', 'bitcoin-ecosystem', 'layer-1', 'ftx-bankruptcy-estate', '2017-2018-alt-season', 'us-strategic-crypto-reserve', 'binance-ecosystem', 'binance-listing']",21000000.0,19911400.0,19911400.0,False,Data inaccessible by API,1.0,Data inaccessible by API,Data inaccessible by API,Data inaccessible by API,2025-08-25T17:36:00.000Z,112432.23056215084,89834318635.35658,70.6459,-0.22364842,-1.63050246,-3.76331875,-4.7845852,4.74692756,2.02501684,2238683115615.2104,57.6163,2361076841805.17,Data inaccessible by API,2025-08-25T17:36:00.000Z,Data inaccessible by API,Data inaccessible by API,Data inaccessible by API,Data inaccessible by API,Data inaccessible by API,2025-08-25 23:07:00.452853
1,1027,Ethereum,ETH,ethereum,10469,2015-08-07T00:00:00.000Z,"['pos', 'smart-contracts', 'ethereum-ecosystem', 'coinbase-ventures-portfolio', 'three-arrows-capital-portfolio', 'polychain-capital-portfolio', 'binance-labs-portfolio', 'blockchain-capital-portfolio', 'boostvc-portfolio', 'cms-holdings-portfolio', 'dcg-portfolio', 'dragonfly-capital-portfolio', 'electric-capital-portfolio', 'fabric-ventures-portfolio', 'framework-ventures-portfolio', 'hashkey-capital-portfolio', 'kenetic-capital-portfolio', 'huobi-capital-portfolio', 'alameda-research-portfolio', 'a16z-portfolio', '1confirmation-portfolio', 'winklevoss-capital-portfolio', 'usv-portfolio', 'placeholder-ventures-portfolio', 'pantera-capital-portfolio', 'multicoin-capital-portfolio', 'paradigm-portfolio', 'layer-1', 'ftx-bankruptcy-estate', 'sora-ecosystem', 'rsk-rbtc-ecosystem', 'world-liberty-financial-portfolio', 'us-strategic-crypto-reserve', 'binance-ecosystem', 'binance-listing']",Data inaccessible by API,120707098.1711658,120707098.1711658,True,Data inaccessible by API,2.0,Data inaccessible by API,Data inaccessible by API,Data inaccessible by API,2025-08-25T17:36:00.000Z,4584.198366022581,68450469521.47511,121.1468,-0.84493304,-5.75748546,4.85686565,22.88578584,88.82510614,70.35264372,553345282203.5854,14.2413,553345282203.59,Data inaccessible by API,2025-08-25T17:36:00.000Z,Data inaccessible by API,Data inaccessible by API,Data inaccessible by API,Data inaccessible by API,Data inaccessible by API,2025-08-25 23:07:00.452853
2,52,XRP,XRP,xrp,1681,2013-08-04T00:00:00.000Z,"['medium-of-exchange', 'enterprise-solutions', 'xrp-ecosystem', 'arrington-xrp-capital-portfolio', 'galaxy-digital-portfolio', 'a16z-portfolio', 'pantera-capital-portfolio', 'ftx-bankruptcy-estate', '2017-2018-alt-season', 'klaytn-ecosystem', 'made-in-america', 'us-strategic-crypto-reserve', 'binance-ecosystem', 'binance-listing']",100000000000.0,59482264023.0,99985819185.0,False,Data inaccessible by API,3.0,Data inaccessible by API,Data inaccessible by API,Data inaccessible by API,2025-08-25T17:36:00.000Z,2.9476547441449994,8029725320.084174,121.425,-0.34904637,-2.93958712,-4.04296533,-7.38398205,39.15571902,26.04293868,175333177739.88138,4.5125,294765474414.5,Data inaccessible by API,2025-08-25T17:36:00.000Z,Data inaccessible by API,Data inaccessible by API,Data inaccessible by API,Data inaccessible by API,Data inaccessible by API,2025-08-25 23:07:00.452853
3,825,Tether USDt,USDT,tether,142640,2015-02-25T00:00:00.000Z,"['stablecoin', 'asset-backed-stablecoin', 'usd-stablecoin', 'fiat-stablecoin', 'tron20-ecosystem', 'rsk-rbtc-ecosystem', 'world-liberty-financial-portfolio', 'binance-ecosystem', 'binance-listing', 'peaq-ecosystem', 'apertum-ecosystem', 'etherlink-ecosystem', 'duckchain-ecosystem', 'onus-ecosystem', 'zedxion-smart-chain-ecosystem']",Data inaccessible by API,167150540379.7628,169734252948.3468,True,Data inaccessible by API,4.0,Data inaccessible by API,Data inaccessible by API,Data inaccessible by API,2025-08-25T17:35:00.000Z,1.000039499414883,179133063223.78098,85.8313,0.00810179,0.03676876,-0.07836678,-0.03264063,-0.01788797,-0.02669505,167157142728.30515,4.3021,169740957352.02,Data inaccessible by API,2025-08-25T17:35:00.000Z,1027.0,Ethereum,ETH,ethereum,0xdac17f958d2ee523a2206206994597c13d831ec7,2025-08-25 23:07:00.452853
4,1839,BNB,BNB,bnb,2679,2017-07-25T00:00:00.000Z,"['marketplace', 'centralized-exchange', 'payments', 'smart-contracts', 'alameda-research-portfolio', 'multicoin-capital-portfolio', 'bnb-chain-ecosystem', 'layer-1', 'alleged-sec-securities', 'celsius-bankruptcy-estate', 'binance-ecosystem', 'binance-listing']",Data inaccessible by API,139287302.54,139287302.54,False,Data inaccessible by API,5.0,Data inaccessible by API,Data inaccessible by API,Data inaccessible by API,2025-08-25T17:35:00.000Z,864.6273896237916,3262099124.538587,36.0242,-0.2278059,-0.72534894,2.14140966,10.94965612,33.72752163,24.85512018,120431616802.8995,3.0995,120431616802.9,Data inaccessible by API,2025-08-25T17:35:00.000Z,Data inaccessible by API,Data inaccessible by API,Data inaccessible by API,Data inaccessible by API,Data inaccessible by API,2025-08-25 23:07:00.452853
5,5426,Solana,SOL,solana,974,2020-04-10T00:00:00.000Z,"['pos', 'platform', 'solana-ecosystem', 'cms-holdings-portfolio', 'kenetic-capital-portfolio', 'alameda-research-portfolio', 'multicoin-capital-portfolio', 'okx-ventures-portfolio', 'layer-1', 'ftx-bankruptcy-estate', 'alleged-sec-securities', 'cmc-crypto-awards-2024', 'made-in-america', 'us-strategic-crypto-reserve', 'binance-ecosystem', 'binance-listing']",Data inaccessible by API,540561116.9261018,608331531.1580846,True,Data inaccessible by API,6.0,525236893.3,103383389295.14143,Data inaccessible by API,2025-08-25T17:35:00.000Z,196.83192596315175,13872282397.016716,79.9324,-0.20249228,-5.32652523,6.12165264,5.83977038,38.48763671,10.42383201,106399685745.3571,2.7384,119739066901.96,Data inaccessible by API,2025-08-25T17:35:00.000Z,Data inaccessible by API,Data inaccessible by API,Data inaccessible by API,Data inaccessible by API,Data inaccessible by API,2025-08-25 23:07:00.452853
6,3408,USDC,USDC,usd-coin,30821,2018-10-08T00:00:00.000Z,"['medium-of-exchange', 'stablecoin', 'asset-backed-stablecoin', 'coinbase-ventures-portfolio', 'usd-stablecoin', 'fiat-stablecoin', 'tron20-ecosystem', 'made-in-america', 'world-liberty-financial-portfolio', 'sonic-ecosystem', 'binance-ecosystem', 'binance-listing', 'etherlink-ecosystem', 'unichain-ecosystem', 'vector-smart-chain-ecosystem']",Data inaccessible by API,67382553730.44138,67382553730.44138,False,Data inaccessible by API,7.0,60901219650.23,60898227582.45255,Data inaccessible by API,2025-08-25T17:35:00.000Z,0.999950870150144,24960630480.587345,142.2812,-0.01427552,0.00240766,-0.01655192,-0.00102026,0.00597769,0.01829831,67379243235.693695,1.7341,67379243235.69,Data inaccessible by API,2025-08-25T17:35:00.000Z,1027.0,Ethereum,ETH,ethereum,0xa0b86991c6218b36c1d19d4a2e9eb0ce3606eb48,2025-08-25 23:07:00.452853
7,1958,TRON,TRX,tron,1216,2017-09-13T00:00:00.000Z,"['media', 'payments', 'tron-ecosystem', 'layer-1', 'dwf-labs-portfolio', 'alleged-sec-securities', '2017-2018-alt-season', 'tron20-ecosystem', 'world-liberty-financial-portfolio', 'binance-ecosystem', 'binance-listing']",Data inaccessible by API,94666219153.23836,94666231845.87798,True,Data inaccessible by API,8.0,71659659264.0,25152805118.341995,Data inaccessible by API,2025-08-25T17:36:00.000Z,0.3510036940822872,1912252105.9038584,158.1284,-0.3699675,-4.33830506,0.46877571,9.61242438,29.33803883,27.27500507,33228192627.590034,0.8552,33228197082.75,Data inaccessible by API,2025-08-25T17:36:00.000Z,Data inaccessible by API,Data inaccessible by API,Data inaccessible by API,Data inaccessible by API,Data inaccessible by API,2025-08-25 23:07:00.452853
8,74,Dogecoin,DOGE,dogecoin,1276,2013-12-15T00:00:00.000Z,"['mineable', 'pow', 'scrypt', 'medium-of-exchange', 'memes', 'payments', 'doggone-doggerel', 'osmosis-ecosystem', 'ftx-bankruptcy-estate', 'animal-memes', 'made-in-america', 'binance-ecosystem', 'binance-listing']",Data inaccessible by API,150667086383.7052,150667086383.7052,True,Data inaccessible by API,9.0,Data inaccessible by API,Data inaccessible by API,Data inaccessible by API,2025-08-25T17:35:00.000Z,0.2182291995862252,4192214699.643189,144.9998,-0.53864563,-6.54281199,-2.96702889,-7.88655267,36.43935048,-4.55280694,32879957665.50464,0.8462,32879957665.5,Data inaccessible by API,2025-08-25T17:35:00.000Z,Data inaccessible by API,Data inaccessible by API,Data inaccessible by API,Data inaccessible by API,Data inaccessible by API,2025-08-25 23:07:00.452853
9,2010,Cardano,ADA,cardano,1567,2017-10-01T00:00:00.000Z,"['dpos', 'pos', 'platform', 'research', 'smart-contracts', 'staking', 'cardano-ecosystem', 'cardano', 'layer-1', 'alleged-sec-securities', '2017-2018-alt-season', 'made-in-america', 'us-strategic-crypto-reserve', 'binance-ecosystem', 'binance-listing']",45000000000.0,35724891762.85982,44994674679.3984,False,Data inaccessible by API,10.0,37997904336.0,32972734924.88034,Data inaccessible by API,2025-08-25T17:35:00.000Z,0.8677514063227242,3005864980.6722884,169.568,-0.90841886,-5.0660786,-6.61898427,4.6288923,56.48797203,12.89856524,31000325067.94871,0.7978,39048813284.52,Data inaccessible by API,2025-08-25T17:35:00.000Z,Data inaccessible by API,Data inaccessible by API,Data inaccessible by API,Data inaccessible by API,Data inaccessible by API,2025-08-25 23:07:00.452853
10,1975,Chainlink,LINK,chainlink,2069,2017-09-20T00:00:00.000Z,"['platform', 'defi', 'interoperability', 'oracles', 'smart-contracts', 'ethereum-ecosystem', 'polkadot', 'heco-ecosystem', 'avalanche-ecosystem', 'solana-ecosystem', 'framework-ventures-portfolio', 'polygon-ecosystem', 'fantom-ecosystem', 'cardano-ecosystem', 'terra-ecosystem', 'web3', 'near-protocol-ecosystem', 'arbitrum-ecosystem', 'cross-chain', 'cardano', 'injective-ecosystem', 'bnb-chain-ecosystem', 'optimism-ecosystem', 'real-world-assets-protocols', 'gnosis-chain-ecosystem', 'sora-ecosystem', 'hoo-smart-chain-ecosystem', 'milkomeda-ecosystem', 'energi-ecosystem', 'made-in-america', 'world-liberty-financial-portfolio', 'binance-ecosystem', 'binance-listing', 'robotics']",1000000000.0,678099970.4527867,1000000000.0,False,Data inaccessible by API,11.0,Data inaccessible by API,Data inaccessible by API,Data inaccessible by API,2025-08-25T17:36:00.000Z,24.410823353914427,2302139170.3784604,115.8628,-0.87403333,-5.70402953,-4.21302499,33.31277659,86.75976177,52.54444922,16552978595.017569,0.426,24410823353.91,Data inaccessible by API,2025-08-25T17:36:00.000Z,1027.0,Ethereum,ETH,ethereum,0x514910771af9ca656af840dff83e8264ecf986ca,2025-08-25 23:07:00.452853
11,32196,Hyperliquid,HYPE,hyperliquid,135,2024-07-15T10:14:50.000Z,"['decentralized-exchange-dex-token', 'defi', 'derivatives', 'layer-1', 'hyperliquid-ecosystem', 'binance-ecosystem', 'binance-listing']",1000000000.0,333928180.0,999993930.0,False,Data inaccessible by API,12.0,333931719.0,15242876457.351486,Data inaccessible by API,2025-08-25T17:36:00.000Z,45.646686403430536,370504027.94974846,163.9168,-1.37872391,1.77107973,2.22538983,4.27389391,25.38452075,20.66114027,15242714913.728304,0.3923,45646686403.43,Data inaccessible by API,2025-08-25T17:36:00.000Z,32196.0,Hyperliquid,HYPE,hyperliquid,0x0d01dc56dcaaca66ad901c959b4011ec,2025-08-25 23:07:00.452853
12,512,Stellar,XLM,stellar,741,2014-08-05T00:00:00.000Z,"['medium-of-exchange', 'enterprise-solutions', 'decentralized-exchange-dex-token', 'defi', 'smart-contracts', 'hashkey-capital-portfolio', 'real-world-assets-protocols', '2017-2018-alt-season', 'made-in-america', 'binance-ecosystem', 'binance-listing']",50001806812.0,31351079295.221573,50001786889.0645,False,Data inaccessible by API,13.0,31531408660.0,12417861935.023584,Data inaccessible by API,2025-08-25T17:36:00.000Z,0.3938251560190075,415515975.6370446,121.0398,0.09958078,-3.97039813,-5.31680826,-10.44154874,67.49133984,35.85926633,12346843694.804913,0.3178,19691969368.97,Data inaccessible by API,2025-08-25T17:36:00.000Z,Data inaccessible by API,Data inaccessible by API,Data inaccessible by API,Data inaccessible by API,Data inaccessible by API,2025-08-25 23:07:00.452853
13,20947,Sui,SUI,sui,750,2022-07-12T08:03:11.000Z,"['binance-launchpool', 'coinbase-ventures-portfolio', 'binance-labs-portfolio', 'electric-capital-portfolio', 'a16z-portfolio', 'sui-ecosystem', 'layer-1', 'move-vm', 'cmc-crypto-yearbook-2024-2025', 'made-in-america', 'world-liberty-financial-portfolio', 'binance-ecosystem', 'binance-listing']",10000000000.0,3511924479.5699987,10000000000.0,False,Data inaccessible by API,14.0,3511924479.57,12112518689.910091,Data inaccessible by API,2025-08-25T17:36:00.000Z,3.4489690084090725,2146161148.1546931,146.4506,-0.79213337,-6.35399697,-5.66164054,-18.54335832,31.80382535,-5.68211044,12112518689.910086,0.3117,34489690084.09,Data inaccessible by API,2025-08-25T17:36:00.000Z,Data inaccessible by API,Data inaccessible by API,Data inaccessible by API,Data inaccessible by API,Data inaccessible by API,2025-08-25 23:07:00.452853
14,29470,Ethena USDe,USDe,ethena-usde,200,2024-02-20T11:05:01.000Z,"['stablecoin', 'asset-backed-stablecoin', 'binance-labs-portfolio', 'dragonfly-capital-portfolio', 'usd-stablecoin', 'eigenlayer-ecosystem', 'binance-ecosystem']",Data inaccessible by API,12097203044.913414,12097203044.913414,True,Data inaccessible by API,15.0,Data inaccessible by API,Data inaccessible by API,Data inaccessible by API,2025-08-25T17:35:00.000Z,1.0005949025156722,315321844.7141081,113.1958,-0.02965956,0.03827344,-0.08488916,-0.0444901,0.07617783,-0.00304214,12104399701.43743,0.3115,12104399701.44,Data inaccessible by API,2025-08-25T17:35:00.000Z,1027.0,Ethereum,ETH,ethereum,0x4c9edd5852cd905f086c759e8383e09bff1e68b3,2025-08-25 23:07:00.452853
0,1,Bitcoin,BTC,bitcoin,12290,2010-07-13T00:00:00.000Z,"['mineable', 'pow', 'sha-256', 'store-of-value', 'state-channel', 'coinbase-ventures-portfolio', 'three-arrows-capital-portfolio', 'polychain-capital-portfolio', 'binance-labs-portfolio', 'blockchain-capital-portfolio', 'boostvc-portfolio', 'cms-holdings-portfolio', 'dcg-portfolio', 'dragonfly-capital-portfolio', 'electric-capital-portfolio', 'fabric-ventures-portfolio', 'framework-ventures-portfolio', 'galaxy-digital-portfolio', 'huobi-capital-portfolio', 'alameda-research-portfolio', 'a16z-portfolio', '1confirmation-portfolio', 'winklevoss-capital-portfolio', 'usv-portfolio', 'placeholder-ventures-portfolio', 'pantera-capital-portfolio', 'multicoin-capital-portfolio', 'paradigm-portfolio', 'bitcoin-ecosystem', 'layer-1', 'ftx-bankruptcy-estate', '2017-2018-alt-season', 'us-strategic-crypto-reserve', 'binance-ecosystem', 'binance-listing']",21000000.0,19911400.0,19911400.0,False,Data inaccessible by API,1.0,Data inaccessible by API,Data inaccessible by API,Data inaccessible by API,2025-08-25T17:36:00.000Z,112432.23056215084,89834318635.35658,70.6459,-0.22364842,-1.63050246,-3.76331875,-4.7845852,4.74692756,2.02501684,2238683115615.2104,57.6163,2361076841805.17,Data inaccessible by API,2025-08-25T17:36:00.000Z,Data inaccessible by API,Data inaccessible by API,Data inaccessible by API,Data inaccessible by API,Data inaccessible by API,2025-08-25 23:08:01.743379
1,1027,Ethereum,ETH,ethereum,10469,2015-08-07T00:00:00.000Z,"['pos', 'smart-contracts', 'ethereum-ecosystem', 'coinbase-ventures-portfolio', 'three-arrows-capital-portfolio', 'polychain-capital-portfolio', 'binance-labs-portfolio', 'blockchain-capital-portfolio', 'boostvc-portfolio', 'cms-holdings-portfolio', 'dcg-portfolio', 'dragonfly-capital-portfolio', 'electric-capital-portfolio', 'fabric-ventures-portfolio', 'framework-ventures-portfolio', 'hashkey-capital-portfolio', 'kenetic-capital-portfolio', 'huobi-capital-portfolio', 'alameda-research-portfolio', 'a16z-portfolio', '1confirmation-portfolio', 'winklevoss-capital-portfolio', 'usv-portfolio', 'placeholder-ventures-portfolio', 'pantera-capital-portfolio', 'multicoin-capital-portfolio', 'paradigm-portfolio', 'ethereum-pow-ecosystem', 'layer-1', 'ftx-bankruptcy-estate', 'sora-ecosystem', 'rsk-rbtc-ecosystem', 'world-liberty-financial-portfolio', 'us-strategic-crypto-reserve', 'binance-ecosystem', 'binance-listing']",Data inaccessible by API,120707098.1711658,120707098.1711658,True,Data inaccessible by API,2.0,Data inaccessible by API,Data inaccessible by API,Data inaccessible by API,2025-08-25T17:37:00.000Z,4587.4673767686345,67131600035.41192,108.4334,-0.89478787,-5.72563686,4.98937845,22.98251685,88.85029329,70.675345,553739875004.632,14.2779,553739875004.63,Data inaccessible by API,2025-08-25T17:37:00.000Z,Data inaccessible by API,Data inaccessible by API,Data inaccessible by API,Data inaccessible by API,Data inaccessible by API,2025-08-25 23:08:01.743379
2,52,XRP,XRP,xrp,1681,2013-08-04T00:00:00.000Z,"['medium-of-exchange', 'enterprise-solutions', 'xrp-ecosystem', 'arrington-xrp-capital-portfolio', 'galaxy-digital-portfolio', 'a16z-portfolio', 'pantera-capital-portfolio', 'ftx-bankruptcy-estate', '2017-2018-alt-season', 'klaytn-ecosystem', 'made-in-america', 'us-strategic-crypto-reserve', 'binance-ecosystem', 'binance-listing']",100000000000.0,59482264023.0,99985819185.0,False,Data inaccessible by API,3.0,Data inaccessible by API,Data inaccessible by API,Data inaccessible by API,2025-08-25T17:37:00.000Z,2.947496723819699,8032844593.749392,121.4153,-0.4085671,-2.9776947,-4.09750553,-7.38504794,39.12858531,26.0373914,175323778333.17084,4.5206,294749672381.97,Data inaccessible by API,2025-08-25T17:37:00.000Z,Data inaccessible by API,Data inaccessible by API,Data inaccessible by API,Data inaccessible by API,Data inaccessible by API,2025-08-25 23:08:01.743379
3,825,Tether USDt,USDT,tether,142640,2015-02-25T00:00:00.000Z,"['stablecoin', 'asset-backed-stablecoin', 'usd-stablecoin', 'ethereum-pow-ecosystem', 'fiat-stablecoin', 'tron20-ecosystem', 'rsk-rbtc-ecosystem', 'world-liberty-financial-portfolio', 'binance-ecosystem', 'binance-listing', 'peaq-ecosystem', 'apertum-ecosystem', 'etherlink-ecosystem', 'duckchain-ecosystem', 'onus-ecosystem', 'zedxion-smart-chain-ecosystem']",Data inaccessible by API,167150540379.7628,169734252948.3468,True,Data inaccessible by API,4.0,Data inaccessible by API,Data inaccessible by API,Data inaccessible by API,2025-08-25T17:36:00.000Z,0.9999933086853136,179116955196.0509,88.0138,0.00864498,0.02387665,-0.06088079,-0.03078552,-0.00923081,-0.04162626,167149421922.89713,4.3019,169733117203.05,Data inaccessible by API,2025-08-25T17:36:00.000Z,1027.0,Ethereum,ETH,ethereum,0xdac17f958d2ee523a2206206994597c13d831ec7,2025-08-25 23:08:01.743379
4,1839,BNB,BNB,bnb,2679,2017-07-25T00:00:00.000Z,"['marketplace', 'centralized-exchange', 'payments', 'smart-contracts', 'alameda-research-portfolio', 'multicoin-capital-portfolio', 'bnb-chain-ecosystem', 'layer-1', 'alleged-sec-securities', 'celsius-bankruptcy-estate', 'binance-ecosystem', 'binance-listing']",Data inaccessible by API,139287302.54,139287302.54,False,Data inaccessible by API,5.0,Data inaccessible by API,Data inaccessible by API,Data inaccessible by API,2025-08-25T17:36:00.000Z,864.4601600164257,3261780838.825837,36.0079,-0.27710938,-0.7454328,1.97972777,10.90206932,33.68241809,24.83391607,120408323841.98468,3.0989,120408323841.98,Data inaccessible by API,2025-08-25T17:36:00.000Z,Data inaccessible by API,Data inaccessible by API,Data inaccessible by API,Data inaccessible by API,Data inaccessible by API,2025-08-25 23:08:01.743379
5,5426,Solana,SOL,solana,974,2020-04-10T00:00:00.000Z,"['pos', 'platform', 'solana-ecosystem', 'cms-holdings-portfolio', 'kenetic-capital-portfolio', 'alameda-research-portfolio', 'multicoin-capital-portfolio', 'okx-ventures-portfolio', 'layer-1', 'ftx-bankruptcy-estate', 'alleged-sec-securities', 'cmc-crypto-awards-2024', 'made-in-america', 'us-strategic-crypto-reserve', 'binance-ecosystem', 'binance-listing']",Data inaccessible by API,540561116.9261018,608331531.1580846,True,Data inaccessible by API,6.0,525236893.3,103354146691.21382,Data inaccessible by API,2025-08-25T17:36:00.000Z,196.7762508871991,13869407678.138712,79.8072,-0.29779913,-5.36375285,6.05971351,5.79648742,38.38999882,10.25823232,106369589964.11516,2.7376,119705197997.76,Data inaccessible by API,2025-08-25T17:36:00.000Z,Data inaccessible by API,Data inaccessible by API,Data inaccessible by API,Data inaccessible by API,Data inaccessible by API,2025-08-25 23:08:01.743379
6,3408,USDC,USDC,usd-coin,30821,2018-10-08T00:00:00.000Z,"['medium-of-exchange', 'stablecoin', 'asset-backed-stablecoin', 'coinbase-ventures-portfolio', 'usd-stablecoin', 'ethereum-pow-ecosystem', 'fiat-stablecoin', 'tron20-ecosystem', 'made-in-america', 'world-liberty-financial-portfolio', 'sonic-ecosystem', 'binance-ecosystem', 'binance-listing', 'etherlink-ecosystem', 'unichain-ecosystem', 'vector-smart-chain-ecosystem']",Data inaccessible by API,67382553730.44138,67382553730.44138,False,Data inaccessible by API,7.0,60901219650.23,60897480662.66172,Data inaccessible by API,2025-08-25T17:36:00.000Z,0.9999386057029768,24978893841.4873,142.7832,0.00742895,-0.00765864,-0.00754881,0.00655708,0.02442844,0.01252049,67378416825.92347,1.7341,67378416825.92,Data inaccessible by API,2025-08-25T17:36:00.000Z,1027.0,Ethereum,ETH,ethereum,0xa0b86991c6218b36c1d19d4a2e9eb0ce3606eb48,2025-08-25 23:08:01.743379
7,1958,TRON,TRX,tron,1216,2017-09-13T00:00:00.000Z,"['media', 'payments', 'tron-ecosystem', 'layer-1', 'dwf-labs-portfolio', 'alleged-sec-securities', '2017-2018-alt-season', 'tron20-ecosystem', 'world-liberty-financial-portfolio', 'binance-ecosystem', 'binance-listing']",Data inaccessible by API,94666219153.23836,94666231845.87798,True,Data inaccessible by API,8.0,71659659264.0,25151443801.936565,Data inaccessible by API,2025-08-25T17:37:00.000Z,0.350984697112173,1912984762.1655865,158.1286,-0.34775762,-4.35345787,0.46044862,9.61722038,29.33158838,27.27265722,33226394256.25396,0.8567,33226398711.18,Data inaccessible by API,2025-08-25T17:37:00.000Z,Data inaccessible by API,Data inaccessible by API,Data inaccessible by API,Data inaccessible by API,Data inaccessible by API,2025-08-25 23:08:01.743379
8,74,Dogecoin,DOGE,dogecoin,1276,2013-12-15T00:00:00.000Z,"['mineable', 'pow', 'scrypt', 'medium-of-exchange', 'memes', 'payments', 'doggone-doggerel', 'osmosis-ecosystem', 'ftx-bankruptcy-estate', 'animal-memes', 'made-in-america', 'binance-ecosystem', 'binance-listing']",Data inaccessible by API,150667086383.7052,150667086383.7052,True,Data inaccessible by API,9.0,Data inaccessible by API,Data inaccessible by API,Data inaccessible by API,2025-08-25T17:36:00.000Z,0.218088722974758,4191262699.690545,144.8355,-0.62332701,-6.60890043,-3.162522,-7.99546978,36.28037578,-4.80154477,32858792463.74982,0.8457,32858792463.75,Data inaccessible by API,2025-08-25T17:36:00.000Z,Data inaccessible by API,Data inaccessible by API,Data inaccessible by API,Data inaccessible by API,Data inaccessible by API,2025-08-25 23:08:01.743379
9,2010,Cardano,ADA,cardano,1567,2017-10-01T00:00:00.000Z,"['dpos', 'pos', 'platform', 'research', 'smart-contracts', 'staking', 'cardano-ecosystem', 'cardano', 'layer-1', 'alleged-sec-securities', '2017-2018-alt-season', 'made-in-america', 'us-strategic-crypto-reserve', 'binance-ecosystem', 'binance-listing']",45000000000.0,35724891762.85982,44994674679.3984,False,Data inaccessible by API,10.0,37997904336.0,32961559553.85968,Data inaccessible by API,2025-08-25T17:36:00.000Z,0.8674573013920459,3005373305.872737,169.4944,-0.96771028,-5.08550874,-6.67595156,4.5872903,56.26969592,12.70182922,30989818201.13331,0.7976,39035578562.64,Data inaccessible by API,2025-08-25T17:36:00.000Z,Data inaccessible by API,Data inaccessible by API,Data inaccessible by API,Data inaccessible by API,Data inaccessible by API,2025-08-25 23:08:01.743379
10,1975,Chainlink,LINK,chainlink,2069,2017-09-20T00:00:00.000Z,"['platform', 'defi', 'interoperability', 'oracles', 'smart-contracts', 'ethereum-ecosystem', 'polkadot', 'heco-ecosystem', 'avalanche-ecosystem', 'solana-ecosystem', 'framework-ventures-portfolio', 'polygon-ecosystem', 'fantom-ecosystem', 'cardano-ecosystem', 'terra-ecosystem', 'web3', 'near-protocol-ecosystem', 'arbitrum-ecosystem', 'cross-chain', 'cardano', 'injective-ecosystem', 'bnb-chain-ecosystem', 'optimism-ecosystem', 'real-world-assets-protocols', 'gnosis-chain-ecosystem', 'sora-ecosystem', 'hoo-smart-chain-ecosystem', 'milkomeda-ecosystem', 'energi-ecosystem', 'made-in-america', 'world-liberty-financial-portfolio', 'binance-ecosystem', 'binance-listing', 'robotics']",1000000000.0,678099970.4527867,1000000000.0,False,Data inaccessible by API,11.0,Data inaccessible by API,Data inaccessible by API,Data inaccessible by API,2025-08-25T17:36:00.000Z,24.410823353914427,2302139170.3784604,115.8628,-0.87403333,-5.70402953,-4.21302499,33.31277659,86.75976177,52.54444922,16552978595.017569,0.426,24410823353.91,Data inaccessible by API,2025-08-25T17:36:00.000Z,1027.0,Ethereum,ETH,ethereum,0x514910771af9ca656af840dff83e8264ecf986ca,2025-08-25 23:08:01.743379
11,32196,Hyperliquid,HYPE,hyperliquid,135,2024-07-15T10:14:50.000Z,"['decentralized-exchange-dex-token', 'defi', 'derivatives', 'layer-1', 'hyperliquid-ecosystem', 'binance-ecosystem', 'binance-listing']",1000000000.0,333928180.0,999993930.0,False,Data inaccessible by API,12.0,333931719.0,15162828637.894716,Data inaccessible by API,2025-08-25T17:37:00.000Z,45.406973267773694,370983985.8259033,164.2377,-1.9204303,1.11945689,1.69362311,3.73092417,24.7467061,20.02656878,15162667942.616322,0.391,45406973267.77,Data inaccessible by API,2025-08-25T17:37:00.000Z,32196.0,Hyperliquid,HYPE,hyperliquid,0x0d01dc56dcaaca66ad901c959b4011ec,2025-08-25 23:08:01.743379
12,512,Stellar,XLM,stellar,741,2014-08-05T00:00:00.000Z,"['medium-of-exchange', 'enterprise-solutions', 'decentralized-exchange-dex-token', 'defi', 'smart-contracts', 'hashkey-capital-portfolio', 'real-world-assets-protocols', '2017-2018-alt-season', 'made-in-america', 'binance-ecosystem', 'binance-listing']",50001806812.0,31351079295.221573,50001786889.0645,False,Data inaccessible by API,13.0,31531408660.0,12413601303.768982,Data inaccessible by API,2025-08-25T17:37:00.000Z,0.3936900326155292,415655800.0625075,121.0137,-0.02200568,-4.03213655,-5.38282121,-10.45946736,67.42643227,35.82990125,12342607430.267826,0.3182,19685212954.65,Data inaccessible by API,2025-08-25T17:37:00.000Z,Data inaccessible by API,Data inaccessible by API,Data inaccessible by API,Data inaccessible by API,Data inaccessible by API,2025-08-25 23:08:01.743379
13,20947,Sui,SUI,sui,750,2022-07-12T08:03:11.000Z,"['binance-launchpool', 'coinbase-ventures-portfolio', 'binance-labs-portfolio', 'electric-capital-portfolio', 'a16z-portfolio', 'sui-ecosystem', 'layer-1', 'move-vm', 'cmc-crypto-yearbook-2024-2025', 'made-in-america', 'world-liberty-financial-portfolio', 'binance-ecosystem', 'binance-listing']",10000000000.0,3511924479.5699987,10000000000.0,False,Data inaccessible by API,14.0,3511924479.57,12105369413.491535,Data inaccessible by API,2025-08-25T17:37:00.000Z,3.446933293671998,2146529442.70868,146.4133,-0.93366263,-6.40265159,-5.72610392,-18.55027704,31.7118513,-5.7210014,12105369413.491531,0.3122,34469332936.72,Data inaccessible by API,2025-08-25T17:37:00.000Z,Data inaccessible by API,Data inaccessible by API,Data inaccessible by API,Data inaccessible by API,Data inaccessible by API,2025-08-25 23:08:01.743379
14,29470,Ethena USDe,USDe,ethena-usde,200,2024-02-20T11:05:01.000Z,"['stablecoin', 'asset-backed-stablecoin', 'binance-labs-portfolio', 'dragonfly-capital-portfolio', 'usd-stablecoin', 'eigenlayer-ecosystem', 'binance-ecosystem']",Data inaccessible by API,12097203044.913414,12097203044.913414,True,Data inaccessible by API,15.0,Data inaccessible by API,Data inaccessible by API,Data inaccessible by API,2025-08-25T17:36:00.000Z,1.000595216964115,315314500.9999428,113.1762,-0.02967484,0.03856875,-0.08195529,-0.0480286,0.0789526,-0.00114024,12104403505.38409,0.3115,12104403505.38,Data inaccessible by API,2025-08-25T17:36:00.000Z,1027.0,Ethereum,ETH,ethereum,0x4c9edd5852cd905f086c759e8383e09bff1e68b3,2025-08-25 23:08:01.743379
0,1,Bitcoin,BTC,bitcoin,12290,2010-07-13T00:00:00.000Z,"['mineable', 'pow', 'sha-256', 'store-of-value', 'state-channel', 'coinbase-ventures-portfolio', 'three-arrows-capital-portfolio', 'polychain-capital-portfolio', 'binance-labs-portfolio', 'blockchain-capital-portfolio', 'boostvc-portfolio', 'cms-holdings-portfolio', 'dcg-portfolio', 'dragonfly-capital-portfolio', 'electric-capital-portfolio', 'fabric-ventures-portfolio', 'framework-ventures-portfolio', 'galaxy-digital-portfolio', 'huobi-capital-portfolio', 'alameda-research-portfolio', 'a16z-portfolio', '1confirmation-portfolio', 'winklevoss-capital-portfolio', 'usv-portfolio', 'placeholder-ventures-portfolio', 'pantera-capital-portfolio', 'multicoin-capital-portfolio', 'paradigm-portfolio', 'bitcoin-ecosystem', 'layer-1', 'ftx-bankruptcy-estate', '2017-2018-alt-season', 'us-strategic-crypto-reserve', 'binance-ecosystem', 'binance-listing']",21000000.0,19911400.0,19911400.0,False,Data inaccessible by API,1.0,Data inaccessible by API,Data inaccessible by API,Data inaccessible by API,2025-08-25T17:38:00.000Z,112538.8689052931,88952542444.99841,71.7635,-0.17642489,-1.51942656,-3.6149037,-4.69557349,4.85148413,2.17292818,2240806434320.853,57.7782,2363316247011.16,Data inaccessible by API,2025-08-25T17:38:00.000Z,Data inaccessible by API,Data inaccessible by API,Data inaccessible by API,Data inaccessible by API,Data inaccessible by API,2025-08-25 23:09:03.025740
1,1027,Ethereum,ETH,ethereum,10469,2015-08-07T00:00:00.000Z,"['pos', 'smart-contracts', 'ethereum-ecosystem', 'coinbase-ventures-portfolio', 'three-arrows-capital-portfolio', 'polychain-capital-portfolio', 'binance-labs-portfolio', 'blockchain-capital-portfolio', 'boostvc-portfolio', 'cms-holdings-portfolio', 'dcg-portfolio', 'dragonfly-capital-portfolio', 'electric-capital-portfolio', 'fabric-ventures-portfolio', 'framework-ventures-portfolio', 'hashkey-capital-portfolio', 'kenetic-capital-portfolio', 'huobi-capital-portfolio', 'alameda-research-portfolio', 'a16z-portfolio', '1confirmation-portfolio', 'winklevoss-capital-portfolio', 'usv-portfolio', 'placeholder-ventures-portfolio', 'pantera-capital-portfolio', 'multicoin-capital-portfolio', 'paradigm-portfolio', 'layer-1', 'ftx-bankruptcy-estate', 'sora-ecosystem', 'rsk-rbtc-ecosystem', 'world-liberty-financial-portfolio', 'us-strategic-crypto-reserve', 'binance-ecosystem', 'binance-listing']",Data inaccessible by API,120707098.1711658,120707098.1711658,True,Data inaccessible by API,2.0,Data inaccessible by API,Data inaccessible by API,Data inaccessible by API,2025-08-25T17:38:00.000Z,4589.99026770934,67114648246.36177,114.2191,-0.80495223,-5.68598892,5.09047958,23.06750718,88.9947322,70.92146077,554044405849.0868,14.2858,554044405849.09,Data inaccessible by API,2025-08-25T17:38:00.000Z,Data inaccessible by API,Data inaccessible by API,Data inaccessible by API,Data inaccessible by API,Data inaccessible by API,2025-08-25 23:09:03.025740
2,52,XRP,XRP,xrp,1681,2013-08-04T00:00:00.000Z,"['medium-of-exchange', 'enterprise-solutions', 'xrp-ecosystem', 'arrington-xrp-capital-portfolio', 'galaxy-digital-portfolio', 'a16z-portfolio', 'pantera-capital-portfolio', 'ftx-bankruptcy-estate', '2017-2018-alt-season', 'klaytn-ecosystem', 'made-in-america', 'us-strategic-crypto-reserve', 'binance-ecosystem', 'binance-listing']",100000000000.0,59482264023.0,99985819185.0,False,Data inaccessible by API,3.0,Data inaccessible by API,Data inaccessible by API,Data inaccessible by API,2025-08-25T17:38:00.000Z,2.948170081928421,8033382415.200544,121.4484,-0.38347969,-2.95050341,-4.08912123,-7.34767614,39.17193315,26.0700301,175363831197.9759,4.5217,294817008192.84,Data inaccessible by API,2025-08-25T17:38:00.000Z,Data inaccessible by API,Data inaccessible by API,Data inaccessible by API,Data inaccessible by API,Data inaccessible by API,2025-08-25 23:09:03.025740
3,825,Tether USDt,USDT,tether,142640,2015-02-25T00:00:00.000Z,"['stablecoin', 'asset-backed-stablecoin', 'usd-stablecoin', 'fiat-stablecoin', 'tron20-ecosystem', 'rsk-rbtc-ecosystem', 'world-liberty-financial-portfolio', 'binance-ecosystem', 'binance-listing', 'peaq-ecosystem', 'apertum-ecosystem', 'etherlink-ecosystem', 'duckchain-ecosystem', 'onus-ecosystem', 'zedxion-smart-chain-ecosystem']",Data inaccessible by API,167150540379.7628,169734252948.3468,True,Data inaccessible by API,4.0,Data inaccessible by API,Data inaccessible by API,Data inaccessible by API,2025-08-25T17:37:00.000Z,0.9999389294843072,180368418692.47116,86.7736,-0.00818282,0.02841267,-0.06789838,-0.03055509,-0.03286297,0.01136529,167140332410.06345,4.3096,169723887189.99,Data inaccessible by API,2025-08-25T17:37:00.000Z,1027.0,Ethereum,ETH,ethereum,0xdac17f958d2ee523a2206206994597c13d831ec7,2025-08-25 23:09:03.025740
4,1839,BNB,BNB,bnb,2679,2017-07-25T00:00:00.000Z,"['marketplace', 'centralized-exchange', 'payments', 'smart-contracts', 'alameda-research-portfolio', 'multicoin-capital-portfolio', 'bnb-chain-ecosystem', 'layer-1', 'alleged-sec-securities', 'celsius-bankruptcy-estate', 'binance-ecosystem', 'binance-listing']",Data inaccessible by API,139287302.54,139287302.54,False,Data inaccessible by API,5.0,Data inaccessible by API,Data inaccessible by API,Data inaccessible by API,2025-08-25T17:37:00.000Z,864.430302520186,3261675619.006613,35.9347,-0.36458493,-0.74842386,1.9686576,10.90285386,33.67215708,24.82697619,120404165071.87286,3.1046,120404165071.87,Data inaccessible by API,2025-08-25T17:37:00.000Z,Data inaccessible by API,Data inaccessible by API,Data inaccessible by API,Data inaccessible by API,Data inaccessible by API,2025-08-25 23:09:03.025740
5,5426,Solana,SOL,solana,974,2020-04-10T00:00:00.000Z,"['pos', 'platform', 'solana-ecosystem', 'cms-holdings-portfolio', 'kenetic-capital-portfolio', 'alameda-research-portfolio', 'multicoin-capital-portfolio', 'okx-ventures-portfolio', 'layer-1', 'ftx-bankruptcy-estate', 'alleged-sec-securities', 'cmc-crypto-awards-2024', 'made-in-america', 'us-strategic-crypto-reserve', 'binance-ecosystem', 'binance-listing']",Data inaccessible by API,540561116.9261018,608331531.1580846,True,Data inaccessible by API,6.0,525236893.3,103351597676.44574,Data inaccessible by API,2025-08-25T17:37:00.000Z,196.7713978108052,13866907421.711628,79.5617,-0.47996927,-5.43395534,6.0536882,5.80017155,38.37455263,10.27677403,106366966579.71916,2.7426,119702245718.36,Data inaccessible by API,2025-08-25T17:37:00.000Z,Data inaccessible by API,Data inaccessible by API,Data inaccessible by API,Data inaccessible by API,Data inaccessible by API,2025-08-25 23:09:03.025740
6,3408,USDC,USDC,usd-coin,30821,2018-10-08T00:00:00.000Z,"['medium-of-exchange', 'stablecoin', 'asset-backed-stablecoin', 'coinbase-ventures-portfolio', 'usd-stablecoin', 'fiat-stablecoin', 'tron20-ecosystem', 'made-in-america', 'world-liberty-financial-portfolio', 'sonic-ecosystem', 'binance-ecosystem', 'binance-listing', 'etherlink-ecosystem', 'unichain-ecosystem', 'vector-smart-chain-ecosystem']",Data inaccessible by API,67382553730.44138,67382553730.44138,False,Data inaccessible by API,7.0,60901219650.23,60892096972.10174,Data inaccessible by API,2025-08-25T17:38:00.000Z,0.9998502053295376,23988297902.393806,132.982,-0.02325995,-1.265e-05,-0.03458705,-0.00191768,-0.00121356,0.01814814,67372460183.010414,1.7372,67372460183.01,Data inaccessible by API,2025-08-25T17:38:00.000Z,1027.0,Ethereum,ETH,ethereum,0xa0b86991c6218b36c1d19d4a2e9eb0ce3606eb48,2025-08-25 23:09:03.025740
7,1958,TRON,TRX,tron,1216,2017-09-13T00:00:00.000Z,"['media', 'payments', 'tron-ecosystem', 'layer-1', 'dwf-labs-portfolio', 'alleged-sec-securities', '2017-2018-alt-season', 'tron20-ecosystem', 'world-liberty-financial-portfolio', 'binance-ecosystem', 'binance-listing']",Data inaccessible by API,94666219153.23836,94666231845.87798,True,Data inaccessible by API,8.0,71659659264.0,25152828241.444008,Data inaccessible by API,2025-08-25T17:38:00.000Z,0.3510040167617731,1913350404.255593,158.207,-0.34499103,-4.34475351,0.4666222,9.62271174,29.34395878,27.27822939,33228223174.43696,0.8568,33228227629.6,Data inaccessible by API,2025-08-25T17:38:00.000Z,Data inaccessible by API,Data inaccessible by API,Data inaccessible by API,Data inaccessible by API,Data inaccessible by API,2025-08-25 23:09:03.025740
8,74,Dogecoin,DOGE,dogecoin,1276,2013-12-15T00:00:00.000Z,"['mineable', 'pow', 'scrypt', 'medium-of-exchange', 'memes', 'payments', 'doggone-doggerel', 'osmosis-ecosystem', 'ftx-bankruptcy-estate', 'animal-memes', 'made-in-america', 'binance-ecosystem', 'binance-listing']",Data inaccessible by API,150667086383.7052,150667086383.7052,True,Data inaccessible by API,9.0,Data inaccessible by API,Data inaccessible by API,Data inaccessible by API,2025-08-25T17:37:00.000Z,0.2180587220291961,4190299150.163031,144.5921,-0.71628829,-6.71031389,-3.19298827,-8.00679268,36.24273575,-4.78126281,32854272308.69325,0.8471,32854272308.69,Data inaccessible by API,2025-08-25T17:37:00.000Z,Data inaccessible by API,Data inaccessible by API,Data inaccessible by API,Data inaccessible by API,Data inaccessible by API,2025-08-25 23:09:03.025740
9,2010,Cardano,ADA,cardano,1567,2017-10-01T00:00:00.000Z,"['dpos', 'pos', 'platform', 'research', 'smart-contracts', 'staking', 'cardano-ecosystem', 'cardano', 'layer-1', 'alleged-sec-securities', '2017-2018-alt-season', 'made-in-america', 'us-strategic-crypto-reserve', 'binance-ecosystem', 'binance-listing']",45000000000.0,35724891762.85982,44994674679.3984,False,Data inaccessible by API,10.0,37997904336.0,32947725481.66456,Data inaccessible by API,2025-08-25T17:37:00.000Z,0.8670932267822256,3004674265.50386,169.0019,-1.09831846,-5.17029155,-6.81081386,4.55333794,56.19115025,12.65649834,30976811675.10387,0.7987,39019195205.2,Data inaccessible by API,2025-08-25T17:37:00.000Z,Data inaccessible by API,Data inaccessible by API,Data inaccessible by API,Data inaccessible by API,Data inaccessible by API,2025-08-25 23:09:03.025740
10,1975,Chainlink,LINK,chainlink,2069,2017-09-20T00:00:00.000Z,"['platform', 'defi', 'interoperability', 'oracles', 'smart-contracts', 'ethereum-ecosystem', 'polkadot', 'heco-ecosystem', 'avalanche-ecosystem', 'solana-ecosystem', 'framework-ventures-portfolio', 'polygon-ecosystem', 'fantom-ecosystem', 'cardano-ecosystem', 'terra-ecosystem', 'web3', 'near-protocol-ecosystem', 'arbitrum-ecosystem', 'cross-chain', 'cardano', 'injective-ecosystem', 'bnb-chain-ecosystem', 'optimism-ecosystem', 'real-world-assets-protocols', 'gnosis-chain-ecosystem', 'sora-ecosystem', 'hoo-smart-chain-ecosystem', 'milkomeda-ecosystem', 'energi-ecosystem', 'made-in-america', 'world-liberty-financial-portfolio', 'binance-ecosystem', 'binance-listing', 'robotics']",1000000000.0,678099970.4527867,1000000000.0,False,Data inaccessible by API,11.0,Data inaccessible by API,Data inaccessible by API,Data inaccessible by API,2025-08-25T17:38:00.000Z,24.37834526123515,2300011082.2177887,115.1391,-1.20427863,-5.97850181,-4.4790649,33.17741622,86.47846437,52.31785104,16530955201.331388,0.4262,24378345261.24,Data inaccessible by API,2025-08-25T17:38:00.000Z,1027.0,Ethereum,ETH,ethereum,0x514910771af9ca656af840dff83e8264ecf986ca,2025-08-25 23:09:03.025740
11,32196,Hyperliquid,HYPE,hyperliquid,135,2024-07-15T10:14:50.000Z,"['decentralized-exchange-dex-token', 'defi', 'derivatives', 'layer-1', 'hyperliquid-ecosystem', 'binance-ecosystem', 'binance-listing']",1000000000.0,333928180.0,999993930.0,False,Data inaccessible by API,12.0,333931719.0,15163232309.822868,Data inaccessible by API,2025-08-25T17:38:00.000Z,45.4081821134903,370983408.5797723,164.2414,-1.87764372,1.1281039,1.71944505,3.73402812,24.71943757,20.03707696,15163071610.266369,0.391,45408182113.49,Data inaccessible by API,2025-08-25T17:38:00.000Z,32196.0,Hyperliquid,HYPE,hyperliquid,0x0d01dc56dcaaca66ad901c959b4011ec,2025-08-25 23:09:03.025740
12,512,Stellar,XLM,stellar,741,2014-08-05T00:00:00.000Z,"['medium-of-exchange', 'enterprise-solutions', 'decentralized-exchange-dex-token', 'defi', 'smart-contracts', 'hashkey-capital-portfolio', 'real-world-assets-protocols', '2017-2018-alt-season', 'made-in-america', 'binance-ecosystem', 'binance-listing']",50001806812.0,31351079295.221573,50001786889.0645,False,Data inaccessible by API,13.0,31531408660.0,12411672239.69488,Data inaccessible by API,2025-08-25T17:38:00.000Z,0.3936288534879202,415656134.98013496,120.938,-0.0350312,-4.04181387,-5.40159025,-10.4479993,67.40410044,35.79866354,12340689398.586945,0.3182,19682153887.73,Data inaccessible by API,2025-08-25T17:38:00.000Z,Data inaccessible by API,Data inaccessible by API,Data inaccessible by API,Data inaccessible by API,Data inaccessible by API,2025-08-25 23:09:03.025740
13,20947,Sui,SUI,sui,750,2022-07-12T08:03:11.000Z,"['binance-launchpool', 'coinbase-ventures-portfolio', 'binance-labs-portfolio', 'electric-capital-portfolio', 'a16z-portfolio', 'sui-ecosystem', 'layer-1', 'move-vm', 'cmc-crypto-yearbook-2024-2025', 'made-in-america', 'world-liberty-financial-portfolio', 'binance-ecosystem', 'binance-listing']",10000000000.0,3511924479.5699987,10000000000.0,False,Data inaccessible by API,14.0,3511924479.57,12106876956.542747,Data inaccessible by API,2025-08-25T17:38:00.000Z,3.447362557757823,2146533138.712036,146.4109,-0.92135861,-6.37725755,-5.67056783,-18.54009774,31.67885491,-5.71396613,12106876956.542742,0.3123,34473625577.58,Data inaccessible by API,2025-08-25T17:38:00.000Z,Data inaccessible by API,Data inaccessible by API,Data inaccessible by API,Data inaccessible by API,Data inaccessible by API,2025-08-25 23:09:03.025740
14,29470,Ethena USDe,USDe,ethena-usde,200,2024-02-20T11:05:01.000Z,"['stablecoin', 'asset-backed-stablecoin', 'binance-labs-portfolio', 'dragonfly-capital-portfolio', 'usd-stablecoin', 'eigenlayer-ecosystem', 'binance-ecosystem']",Data inaccessible by API,12097203044.913414,12097203044.913414,True,Data inaccessible by API,15.0,Data inaccessible by API,Data inaccessible by API,Data inaccessible by API,2025-08-25T17:37:00.000Z,1.0006333428884775,315077300.54236835,112.5956,0.00175509,0.01793057,-0.07814809,-0.04389798,0.08276593,0.00200668,12104864722.43238,0.3121,12104864722.43,Data inaccessible by API,2025-08-25T17:37:00.000Z,1027.0,Ethereum,ETH,ethereum,0x4c9edd5852cd905f086c759e8383e09bff1e68b3,2025-08-25 23:09:03.025740
0,1,Bitcoin,BTC,bitcoin,12290,2010-07-13T00:00:00.000Z,"['mineable', 'pow', 'sha-256', 'store-of-value', 'state-channel', 'coinbase-ventures-portfolio', 'three-arrows-capital-portfolio', 'polychain-capital-portfolio', 'binance-labs-portfolio', 'blockchain-capital-portfolio', 'boostvc-portfolio', 'cms-holdings-portfolio', 'dcg-portfolio', 'dragonfly-capital-portfolio', 'electric-capital-portfolio', 'fabric-ventures-portfolio', 'framework-ventures-portfolio', 'galaxy-digital-portfolio', 'huobi-capital-portfolio', 'alameda-research-portfolio', 'a16z-portfolio', '1confirmation-portfolio', 'winklevoss-capital-portfolio', 'usv-portfolio', 'placeholder-ventures-portfolio', 'pantera-capital-portfolio', 'multicoin-capital-portfolio', 'paradigm-portfolio', 'bitcoin-ecosystem', 'layer-1', 'ftx-bankruptcy-estate', '2017-2018-alt-season', 'us-strategic-crypto-reserve', 'binance-ecosystem', 'binance-listing']",21000000.0,19911400.0,19911400.0,False,Data inaccessible by API,1.0,Data inaccessible by API,Data inaccessible by API,Data inaccessible by API,2025-08-25T17:38:00.000Z,112538.8689052931,88952542444.99841,71.7635,-0.17642489,-1.51942656,-3.6149037,-4.69557349,4.85148413,2.17292818,2240806434320.853,57.7782,2363316247011.16,Data inaccessible by API,2025-08-25T17:38:00.000Z,Data inaccessible by API,Data inaccessible by API,Data inaccessible by API,Data inaccessible by API,Data inaccessible by API,2025-08-25 23:09:27.710486
1,1027,Ethereum,ETH,ethereum,10469,2015-08-07T00:00:00.000Z,"['pos', 'smart-contracts', 'ethereum-ecosystem', 'coinbase-ventures-portfolio', 'three-arrows-capital-portfolio', 'polychain-capital-portfolio', 'binance-labs-portfolio', 'blockchain-capital-portfolio', 'boostvc-portfolio', 'cms-holdings-portfolio', 'dcg-portfolio', 'dragonfly-capital-portfolio', 'electric-capital-portfolio', 'fabric-ventures-portfolio', 'framework-ventures-portfolio', 'hashkey-capital-portfolio', 'kenetic-capital-portfolio', 'huobi-capital-portfolio', 'alameda-research-portfolio', 'a16z-portfolio', '1confirmation-portfolio', 'winklevoss-capital-portfolio', 'usv-portfolio', 'placeholder-ventures-portfolio', 'pantera-capital-portfolio', 'multicoin-capital-portfolio', 'paradigm-portfolio', 'layer-1', 'ftx-bankruptcy-estate', 'sora-ecosystem', 'rsk-rbtc-ecosystem', 'world-liberty-financial-portfolio', 'us-strategic-crypto-reserve', 'binance-ecosystem', 'binance-listing']",Data inaccessible by API,120707098.1711658,120707098.1711658,True,Data inaccessible by API,2.0,Data inaccessible by API,Data inaccessible by API,Data inaccessible by API,2025-08-25T17:38:00.000Z,4589.99026770934,67114648246.36177,114.2191,-0.80495223,-5.68598892,5.09047958,23.06750718,88.9947322,70.92146077,554044405849.0868,14.2858,554044405849.09,Data inaccessible by API,2025-08-25T17:38:00.000Z,Data inaccessible by API,Data inaccessible by API,Data inaccessible by API,Data inaccessible by API,Data inaccessible by API,2025-08-25 23:09:27.710486
2,52,XRP,XRP,xrp,1681,2013-08-04T00:00:00.000Z,"['medium-of-exchange', 'enterprise-solutions', 'xrp-ecosystem', 'arrington-xrp-capital-portfolio', 'galaxy-digital-portfolio', 'a16z-portfolio', 'pantera-capital-portfolio', 'ftx-bankruptcy-estate', '2017-2018-alt-season', 'klaytn-ecosystem', 'made-in-america', 'us-strategic-crypto-reserve', 'binance-ecosystem', 'binance-listing']",100000000000.0,59482264023.0,99985819185.0,False,Data inaccessible by API,3.0,Data inaccessible by API,Data inaccessible by API,Data inaccessible by API,2025-08-25T17:38:00.000Z,2.948170081928421,8033382415.200544,121.4484,-0.38347969,-2.95050341,-4.08912123,-7.34767614,39.17193315,26.0700301,175363831197.9759,4.5217,294817008192.84,Data inaccessible by API,2025-08-25T17:38:00.000Z,Data inaccessible by API,Data inaccessible by API,Data inaccessible by API,Data inaccessible by API,Data inaccessible by API,2025-08-25 23:09:27.710486
3,825,Tether USDt,USDT,tether,142640,2015-02-25T00:00:00.000Z,"['stablecoin', 'asset-backed-stablecoin', 'usd-stablecoin', 'fiat-stablecoin', 'tron20-ecosystem', 'rsk-rbtc-ecosystem', 'world-liberty-financial-portfolio', 'binance-ecosystem', 'binance-listing', 'peaq-ecosystem', 'apertum-ecosystem', 'etherlink-ecosystem', 'duckchain-ecosystem', 'onus-ecosystem', 'zedxion-smart-chain-ecosystem']",Data inaccessible by API,167150540379.7628,169734252948.3468,True,Data inaccessible by API,4.0,Data inaccessible by API,Data inaccessible by API,Data inaccessible by API,2025-08-25T17:37:00.000Z,0.9999389294843072,180368418692.47116,86.7736,-0.00818282,0.02841267,-0.06789838,-0.03055509,-0.03286297,0.01136529,167140332410.06345,4.3096,169723887189.99,Data inaccessible by API,2025-08-25T17:37:00.000Z,1027.0,Ethereum,ETH,ethereum,0xdac17f958d2ee523a2206206994597c13d831ec7,2025-08-25 23:09:27.710486
4,1839,BNB,BNB,bnb,2679,2017-07-25T00:00:00.000Z,"['marketplace', 'centralized-exchange', 'payments', 'smart-contracts', 'alameda-research-portfolio', 'multicoin-capital-portfolio', 'bnb-chain-ecosystem', 'layer-1', 'alleged-sec-securities', 'celsius-bankruptcy-estate', 'binance-ecosystem', 'binance-listing']",Data inaccessible by API,139287302.54,139287302.54,False,Data inaccessible by API,5.0,Data inaccessible by API,Data inaccessible by API,Data inaccessible by API,2025-08-25T17:37:00.000Z,864.430302520186,3261675619.006613,35.9347,-0.36458493,-0.74842386,1.9686576,10.90285386,33.67215708,24.82697619,120404165071.87286,3.1046,120404165071.87,Data inaccessible by API,2025-08-25T17:37:00.000Z,Data inaccessible by API,Data inaccessible by API,Data inaccessible by API,Data inaccessible by API,Data inaccessible by API,2025-08-25 23:09:27.710486
5,5426,Solana,SOL,solana,974,2020-04-10T00:00:00.000Z,"['pos', 'platform', 'solana-ecosystem', 'cms-holdings-portfolio', 'kenetic-capital-portfolio', 'alameda-research-portfolio', 'multicoin-capital-portfolio', 'okx-ventures-portfolio', 'layer-1', 'ftx-bankruptcy-estate', 'alleged-sec-securities', 'cmc-crypto-awards-2024', 'made-in-america', 'us-strategic-crypto-reserve', 'binance-ecosystem', 'binance-listing']",Data inaccessible by API,540561116.9261018,608331531.1580846,True,Data inaccessible by API,6.0,525236893.3,103351597676.44574,Data inaccessible by API,2025-08-25T17:37:00.000Z,196.7713978108052,13866907421.711628,79.5617,-0.47996927,-5.43395534,6.0536882,5.80017155,38.37455263,10.27677403,106366966579.71916,2.7426,119702245718.36,Data inaccessible by API,2025-08-25T17:37:00.000Z,Data inaccessible by API,Data inaccessible by API,Data inaccessible by API,Data inaccessible by API,Data inaccessible by API,2025-08-25 23:09:27.710486
6,3408,USDC,USDC,usd-coin,30821,2018-10-08T00:00:00.000Z,"['medium-of-exchange', 'stablecoin', 'asset-backed-stablecoin', 'coinbase-ventures-portfolio', 'usd-stablecoin', 'fiat-stablecoin', 'tron20-ecosystem', 'made-in-america', 'world-liberty-financial-portfolio', 'sonic-ecosystem', 'binance-ecosystem', 'binance-listing', 'etherlink-ecosystem', 'unichain-ecosystem', 'vector-smart-chain-ecosystem']",Data inaccessible by API,67382553730.44138,67382553730.44138,False,Data inaccessible by API,7.0,60901219650.23,60892096972.10174,Data inaccessible by API,2025-08-25T17:38:00.000Z,0.9998502053295376,23988297902.393806,132.982,-0.02325995,-1.265e-05,-0.03458705,-0.00191768,-0.00121356,0.01814814,67372460183.010414,1.7372,67372460183.01,Data inaccessible by API,2025-08-25T17:38:00.000Z,1027.0,Ethereum,ETH,ethereum,0xa0b86991c6218b36c1d19d4a2e9eb0ce3606eb48,2025-08-25 23:09:27.710486
7,1958,TRON,TRX,tron,1216,2017-09-13T00:00:00.000Z,"['media', 'payments', 'tron-ecosystem', 'layer-1', 'dwf-labs-portfolio', 'alleged-sec-securities', '2017-2018-alt-season', 'tron20-ecosystem', 'world-liberty-financial-portfolio', 'binance-ecosystem', 'binance-listing']",Data inaccessible by API,94666219153.23836,94666231845.87798,True,Data inaccessible by API,8.0,71659659264.0,25152828241.444008,Data inaccessible by API,2025-08-25T17:38:00.000Z,0.3510040167617731,1913350404.255593,158.207,-0.34499103,-4.34475351,0.4666222,9.62271174,29.34395878,27.27822939,33228223174.43696,0.8568,33228227629.6,Data inaccessible by API,2025-08-25T17:38:00.000Z,Data inaccessible by API,Data inaccessible by API,Data inaccessible by API,Data inaccessible by API,Data inaccessible by API,2025-08-25 23:09:27.710486
8,74,Dogecoin,DOGE,dogecoin,1276,2013-12-15T00:00:00.000Z,"['mineable', 'pow', 'scrypt', 'medium-of-exchange', 'memes', 'payments', 'doggone-doggerel', 'osmosis-ecosystem', 'ftx-bankruptcy-estate', 'animal-memes', 'made-in-america', 'binance-ecosystem', 'binance-listing']",Data inaccessible by API,150667086383.7052,150667086383.7052,True,Data inaccessible by API,9.0,Data inaccessible by API,Data inaccessible by API,Data inaccessible by API,2025-08-25T17:37:00.000Z,0.2180587220291961,4190299150.163031,144.5921,-0.71628829,-6.71031389,-3.19298827,-8.00679268,36.24273575,-4.78126281,32854272308.69325,0.8471,32854272308.69,Data inaccessible by API,2025-08-25T17:37:00.000Z,Data inaccessible by API,Data inaccessible by API,Data inaccessible by API,Data inaccessible by API,Data inaccessible by API,2025-08-25 23:09:27.710486
9,2010,Cardano,ADA,cardano,1567,2017-10-01T00:00:00.000Z,"['dpos', 'pos', 'platform', 'research', 'smart-contracts', 'staking', 'cardano-ecosystem', 'cardano', 'layer-1', 'alleged-sec-securities', '2017-2018-alt-season', 'made-in-america', 'us-strategic-crypto-reserve', 'binance-ecosystem', 'binance-listing']",45000000000.0,35724891762.85982,44994674679.3984,False,Data inaccessible by API,10.0,37997904336.0,32947725481.66456,Data inaccessible by API,2025-08-25T17:37:00.000Z,0.8670932267822256,3004674265.50386,169.0019,-1.09831846,-5.17029155,-6.81081386,4.55333794,56.19115025,12.65649834,30976811675.10387,0.7987,39019195205.2,Data inaccessible by API,2025-08-25T17:37:00.000Z,Data inaccessible by API,Data inaccessible by API,Data inaccessible by API,Data inaccessible by API,Data inaccessible by API,2025-08-25 23:09:27.710486
10,1975,Chainlink,LINK,chainlink,2069,2017-09-20T00:00:00.000Z,"['platform', 'defi', 'interoperability', 'oracles', 'smart-contracts', 'ethereum-ecosystem', 'polkadot', 'heco-ecosystem', 'avalanche-ecosystem', 'solana-ecosystem', 'framework-ventures-portfolio', 'polygon-ecosystem', 'fantom-ecosystem', 'cardano-ecosystem', 'terra-ecosystem', 'web3', 'near-protocol-ecosystem', 'arbitrum-ecosystem', 'cross-chain', 'cardano', 'injective-ecosystem', 'bnb-chain-ecosystem', 'optimism-ecosystem', 'real-world-assets-protocols', 'gnosis-chain-ecosystem', 'sora-ecosystem', 'hoo-smart-chain-ecosystem', 'milkomeda-ecosystem', 'energi-ecosystem', 'made-in-america', 'world-liberty-financial-portfolio', 'binance-ecosystem', 'binance-listing', 'robotics']",1000000000.0,678099970.4527867,1000000000.0,False,Data inaccessible by API,11.0,Data inaccessible by API,Data inaccessible by API,Data inaccessible by API,2025-08-25T17:38:00.000Z,24.37834526123515,2300011082.2177887,115.1391,-1.20427863,-5.97850181,-4.4790649,33.17741622,86.47846437,52.31785104,16530955201.331388,0.4262,24378345261.24,Data inaccessible by API,2025-08-25T17:38:00.000Z,1027.0,Ethereum,ETH,ethereum,0x514910771af9ca656af840dff83e8264ecf986ca,2025-08-25 23:09:27.710486
11,32196,Hyperliquid,HYPE,hyperliquid,135,2024-07-15T10:14:50.000Z,"['decentralized-exchange-dex-token', 'defi', 'derivatives', 'layer-1', 'hyperliquid-ecosystem', 'binance-ecosystem', 'binance-listing']",1000000000.0,333928180.0,999993930.0,False,Data inaccessible by API,12.0,333931719.0,15163232309.822868,Data inaccessible by API,2025-08-25T17:38:00.000Z,45.4081821134903,370983408.5797723,164.2414,-1.87764372,1.1281039,1.71944505,3.73402812,24.71943757,20.03707696,15163071610.266369,0.391,45408182113.49,Data inaccessible by API,2025-08-25T17:38:00.000Z,32196.0,Hyperliquid,HYPE,hyperliquid,0x0d01dc56dcaaca66ad901c959b4011ec,2025-08-25 23:09:27.710486
12,512,Stellar,XLM,stellar,741,2014-08-05T00:00:00.000Z,"['medium-of-exchange', 'enterprise-solutions', 'decentralized-exchange-dex-token', 'defi', 'smart-contracts', 'hashkey-capital-portfolio', 'real-world-assets-protocols', '2017-2018-alt-season', 'made-in-america', 'binance-ecosystem', 'binance-listing']",50001806812.0,31351079295.221573,50001786889.0645,False,Data inaccessible by API,13.0,31531408660.0,12411672239.69488,Data inaccessible by API,2025-08-25T17:38:00.000Z,0.3936288534879202,415656134.98013496,120.938,-0.0350312,-4.04181387,-5.40159025,-10.4479993,67.40410044,35.79866354,12340689398.586945,0.3182,19682153887.73,Data inaccessible by API,2025-08-25T17:38:00.000Z,Data inaccessible by API,Data inaccessible by API,Data inaccessible by API,Data inaccessible by API,Data inaccessible by API,2025-08-25 23:09:27.710486
13,20947,Sui,SUI,sui,750,2022-07-12T08:03:11.000Z,"['binance-launchpool', 'coinbase-ventures-portfolio', 'binance-labs-portfolio', 'electric-capital-portfolio', 'a16z-portfolio', 'sui-ecosystem', 'layer-1', 'move-vm', 'cmc-crypto-yearbook-2024-2025', 'made-in-america', 'world-liberty-financial-portfolio', 'binance-ecosystem', 'binance-listing']",10000000000.0,3511924479.5699987,10000000000.0,False,Data inaccessible by API,14.0,3511924479.57,12106876956.542747,Data inaccessible by API,2025-08-25T17:38:00.000Z,3.447362557757823,2146533138.712036,146.4109,-0.92135861,-6.37725755,-5.67056783,-18.54009774,31.67885491,-5.71396613,12106876956.542742,0.3123,34473625577.58,Data inaccessible by API,2025-08-25T17:38:00.000Z,Data inaccessible by API,Data inaccessible by API,Data inaccessible by API,Data inaccessible by API,Data inaccessible by API,2025-08-25 23:09:27.710486
14,29470,Ethena USDe,USDe,ethena-usde,200,2024-02-20T11:05:01.000Z,"['stablecoin', 'asset-backed-stablecoin', 'binance-labs-portfolio', 'dragonfly-capital-portfolio', 'usd-stablecoin', 'eigenlayer-ecosystem', 'binance-ecosystem']",Data inaccessible by API,12097203044.913414,12097203044.913414,True,Data inaccessible by API,15.0,Data inaccessible by API,Data inaccessible by API,Data inaccessible by API,2025-08-25T17:37:00.000Z,1.0006333428884775,315077300.54236835,112.5956,0.00175509,0.01793057,-0.07814809,-0.04389798,0.08276593,0.00200668,12104864722.43238,0.3121,12104864722.43,Data inaccessible by API,2025-08-25T17:37:00.000Z,1027.0,Ethereum,ETH,ethereum,0x4c9edd5852cd905f086c759e8383e09bff1e68b3,2025-08-25 23:09:27.710486
0,1,Bitcoin,BTC,bitcoin,12290,2010-07-13T00:00:00.000Z,"['mineable', 'pow', 'sha-256', 'store-of-value', 'state-channel', 'coinbase-ventures-portfolio', 'three-arrows-capital-portfolio', 'polychain-capital-portfolio', 'binance-labs-portfolio', 'blockchain-capital-portfolio', 'boostvc-portfolio', 'cms-holdings-portfolio', 'dcg-portfolio', 'dragonfly-capital-portfolio', 'electric-capital-portfolio', 'fabric-ventures-portfolio', 'framework-ventures-portfolio', 'galaxy-digital-portfolio', 'huobi-capital-portfolio', 'alameda-research-portfolio', 'a16z-portfolio', '1confirmation-portfolio', 'winklevoss-capital-portfolio', 'usv-portfolio', 'placeholder-ventures-portfolio', 'pantera-capital-portfolio', 'multicoin-capital-portfolio', 'paradigm-portfolio', 'bitcoin-ecosystem', 'layer-1', 'ftx-bankruptcy-estate', '2017-2018-alt-season', 'us-strategic-crypto-reserve', 'binance-ecosystem', 'binance-listing']",21000000.0,19911400.0,19911400.0,False,Data inaccessible by API,1.0,Data inaccessible by API,Data inaccessible by API,Data inaccessible by API,2025-08-25T17:38:00.000Z,112538.8689052931,88952542444.99841,71.7635,-0.17642489,-1.51942656,-3.6149037,-4.69557349,4.85148413,2.17292818,2240806434320.853,57.7782,2363316247011.16,Data inaccessible by API,2025-08-25T17:38:00.000Z,Data inaccessible by API,Data inaccessible by API,Data inaccessible by API,Data inaccessible by API,Data inaccessible by API,2025-08-25 23:10:28.921834
1,1027,Ethereum,ETH,ethereum,10469,2015-08-07T00:00:00.000Z,"['pos', 'smart-contracts', 'ethereum-ecosystem', 'coinbase-ventures-portfolio', 'three-arrows-capital-portfolio', 'polychain-capital-portfolio', 'binance-labs-portfolio', 'blockchain-capital-portfolio', 'boostvc-portfolio', 'cms-holdings-portfolio', 'dcg-portfolio', 'dragonfly-capital-portfolio', 'electric-capital-portfolio', 'fabric-ventures-portfolio', 'framework-ventures-portfolio', 'hashkey-capital-portfolio', 'kenetic-capital-portfolio', 'huobi-capital-portfolio', 'alameda-research-portfolio', 'a16z-portfolio', '1confirmation-portfolio', 'winklevoss-capital-portfolio', 'usv-portfolio', 'placeholder-ventures-portfolio', 'pantera-capital-portfolio', 'multicoin-capital-portfolio', 'paradigm-portfolio', 'layer-1', 'ftx-bankruptcy-estate', 'sora-ecosystem', 'rsk-rbtc-ecosystem', 'world-liberty-financial-portfolio', 'us-strategic-crypto-reserve', 'binance-ecosystem', 'binance-listing']",Data inaccessible by API,120707098.1711658,120707098.1711658,True,Data inaccessible by API,2.0,Data inaccessible by API,Data inaccessible by API,Data inaccessible by API,2025-08-25T17:39:00.000Z,4591.375757409185,66049032289.88848,110.2807,-0.78369847,-5.72305613,5.13000305,23.12873741,89.09329584,71.00137022,554211644290.3013,14.2901,554211644290.3,Data inaccessible by API,2025-08-25T17:39:00.000Z,Data inaccessible by API,Data inaccessible by API,Data inaccessible by API,Data inaccessible by API,Data inaccessible by API,2025-08-25 23:10:28.921834
2,52,XRP,XRP,xrp,1681,2013-08-04T00:00:00.000Z,"['medium-of-exchange', 'enterprise-solutions', 'xrp-ecosystem', 'arrington-xrp-capital-portfolio', 'galaxy-digital-portfolio', 'a16z-portfolio', 'pantera-capital-portfolio', 'ftx-bankruptcy-estate', '2017-2018-alt-season', 'klaytn-ecosystem', 'made-in-america', 'us-strategic-crypto-reserve', 'binance-ecosystem', 'binance-listing']",100000000000.0,59482264023.0,99985819185.0,False,Data inaccessible by API,3.0,Data inaccessible by API,Data inaccessible by API,Data inaccessible by API,2025-08-25T17:39:00.000Z,2.948357625605503,8034147084.422927,121.4746,-0.37777971,-2.94754565,-4.17701595,-7.30504657,39.12761618,26.09531768,175374986720.4919,4.522,294835762560.55,Data inaccessible by API,2025-08-25T17:39:00.000Z,Data inaccessible by API,Data inaccessible by API,Data inaccessible by API,Data inaccessible by API,Data inaccessible by API,2025-08-25 23:10:28.921834
3,825,Tether USDt,USDT,tether,142640,2015-02-25T00:00:00.000Z,"['stablecoin', 'asset-backed-stablecoin', 'usd-stablecoin', 'fiat-stablecoin', 'tron20-ecosystem', 'rsk-rbtc-ecosystem', 'world-liberty-financial-portfolio', 'binance-ecosystem', 'binance-listing', 'peaq-ecosystem', 'apertum-ecosystem', 'etherlink-ecosystem', 'duckchain-ecosystem', 'onus-ecosystem', 'zedxion-smart-chain-ecosystem']",Data inaccessible by API,167150540379.7628,169734252948.3468,True,Data inaccessible by API,4.0,Data inaccessible by API,Data inaccessible by API,Data inaccessible by API,2025-08-25T17:38:00.000Z,0.9999601035399414,179110797651.7962,85.4699,-0.03986228,0.02553065,-0.08194321,-0.03412427,-0.02935859,-0.03762719,167143871664.90475,4.3097,169727481152.5,Data inaccessible by API,2025-08-25T17:38:00.000Z,1027.0,Ethereum,ETH,ethereum,0xdac17f958d2ee523a2206206994597c13d831ec7,2025-08-25 23:10:28.921834
4,1839,BNB,BNB,bnb,2679,2017-07-25T00:00:00.000Z,"['marketplace', 'centralized-exchange', 'payments', 'smart-contracts', 'alameda-research-portfolio', 'multicoin-capital-portfolio', 'bnb-chain-ecosystem', 'layer-1', 'alleged-sec-securities', 'celsius-bankruptcy-estate', 'binance-ecosystem', 'binance-listing']",Data inaccessible by API,139287302.54,139287302.54,False,Data inaccessible by API,5.0,Data inaccessible by API,Data inaccessible by API,Data inaccessible by API,2025-08-25T17:38:00.000Z,864.485406598075,3261715941.069657,35.9532,-0.35599964,-0.7428471,1.9789889,10.9077846,33.68447315,24.85632684,120411840370.24097,3.1048,120411840370.24,Data inaccessible by API,2025-08-25T17:38:00.000Z,Data inaccessible by API,Data inaccessible by API,Data inaccessible by API,Data inaccessible by API,Data inaccessible by API,2025-08-25 23:10:28.921834
5,5426,Solana,SOL,solana,974,2020-04-10T00:00:00.000Z,"['pos', 'platform', 'solana-ecosystem', 'cms-holdings-portfolio', 'kenetic-capital-portfolio', 'alameda-research-portfolio', 'multicoin-capital-portfolio', 'okx-ventures-portfolio', 'layer-1', 'ftx-bankruptcy-estate', 'alleged-sec-securities', 'cmc-crypto-awards-2024', 'made-in-america', 'us-strategic-crypto-reserve', 'binance-ecosystem', 'binance-listing']",Data inaccessible by API,540561116.9261018,608331531.1580846,True,Data inaccessible by API,6.0,525236893.3,103375039680.19733,Data inaccessible by API,2025-08-25T17:38:00.000Z,196.81602910775064,13866438579.079388,79.5446,-0.44809012,-5.39545303,6.09391269,5.83373882,38.40205212,10.31846176,106391092523.44585,2.7432,119729396343.57,Data inaccessible by API,2025-08-25T17:38:00.000Z,Data inaccessible by API,Data inaccessible by API,Data inaccessible by API,Data inaccessible by API,Data inaccessible by API,2025-08-25 23:10:28.921834
6,3408,USDC,USDC,usd-coin,30821,2018-10-08T00:00:00.000Z,"['medium-of-exchange', 'stablecoin', 'asset-backed-stablecoin', 'coinbase-ventures-portfolio', 'usd-stablecoin', 'fiat-stablecoin', 'tron20-ecosystem', 'made-in-america', 'world-liberty-financial-portfolio', 'sonic-ecosystem', 'binance-ecosystem', 'binance-listing', 'etherlink-ecosystem', 'unichain-ecosystem', 'vector-smart-chain-ecosystem']",Data inaccessible by API,67382553730.44138,67382553730.44138,False,Data inaccessible by API,7.0,60901219650.23,60892096972.10174,Data inaccessible by API,2025-08-25T17:38:00.000Z,0.9998502053295376,23988297902.393806,132.982,-0.02325995,-1.265e-05,-0.03458705,-0.00191768,-0.00121356,0.01814814,67372460183.010414,1.7372,67372460183.01,Data inaccessible by API,2025-08-25T17:38:00.000Z,1027.0,Ethereum,ETH,ethereum,0xa0b86991c6218b36c1d19d4a2e9eb0ce3606eb48,2025-08-25 23:10:28.921834
7,1958,TRON,TRX,tron,1216,2017-09-13T00:00:00.000Z,"['media', 'payments', 'tron-ecosystem', 'layer-1', 'dwf-labs-portfolio', 'alleged-sec-securities', '2017-2018-alt-season', 'tron20-ecosystem', 'world-liberty-financial-portfolio', 'binance-ecosystem', 'binance-listing']",Data inaccessible by API,94666219153.23836,94666231845.87798,True,Data inaccessible by API,8.0,71659659264.0,25154535618.84479,Data inaccessible by API,2025-08-25T17:39:00.000Z,0.3510278429621531,1913529355.893716,158.2032,-0.33535789,-4.33697014,0.47992202,9.62564022,29.35667396,27.25849459,33230478710.743725,0.8568,33230483166.21,Data inaccessible by API,2025-08-25T17:39:00.000Z,Data inaccessible by API,Data inaccessible by API,Data inaccessible by API,Data inaccessible by API,Data inaccessible by API,2025-08-25 23:10:28.921834
8,74,Dogecoin,DOGE,dogecoin,1276,2013-12-15T00:00:00.000Z,"['mineable', 'pow', 'scrypt', 'medium-of-exchange', 'memes', 'payments', 'doggone-doggerel', 'osmosis-ecosystem', 'ftx-bankruptcy-estate', 'animal-memes', 'made-in-america', 'binance-ecosystem', 'binance-listing']",Data inaccessible by API,150667086383.7052,150667086383.7052,True,Data inaccessible by API,9.0,Data inaccessible by API,Data inaccessible by API,Data inaccessible by API,2025-08-25T17:38:00.000Z,0.2180986269844209,4190210530.1303296,144.6175,-0.68397711,-6.69442603,-3.14927248,-7.97298997,36.2702566,-4.73379541,32860284672.02924,0.8473,32860284672.03,Data inaccessible by API,2025-08-25T17:38:00.000Z,Data inaccessible by API,Data inaccessible by API,Data inaccessible by API,Data inaccessible by API,Data inaccessible by API,2025-08-25 23:10:28.921834
9,2010,Cardano,ADA,cardano,1567,2017-10-01T00:00:00.000Z,"['dpos', 'pos', 'platform', 'research', 'smart-contracts', 'staking', 'cardano-ecosystem', 'cardano', 'layer-1', 'alleged-sec-securities', '2017-2018-alt-season', 'made-in-america', 'us-strategic-crypto-reserve', 'binance-ecosystem', 'binance-listing']",45000000000.0,35724891762.85982,44994674679.3984,False,Data inaccessible by API,10.0,37997904336.0,32955530033.967278,Data inaccessible by API,2025-08-25T17:38:00.000Z,0.8672986210648602,3004483374.0506477,168.8471,-1.0799529,-5.16059004,-6.78857382,4.59409319,56.22686205,12.68929465,30984149363.6197,0.7989,39028437947.92,Data inaccessible by API,2025-08-25T17:38:00.000Z,Data inaccessible by API,Data inaccessible by API,Data inaccessible by API,Data inaccessible by API,Data inaccessible by API,2025-08-25 23:10:28.921834
10,1975,Chainlink,LINK,chainlink,2069,2017-09-20T00:00:00.000Z,"['platform', 'defi', 'interoperability', 'oracles', 'smart-contracts', 'ethereum-ecosystem', 'polkadot', 'heco-ecosystem', 'avalanche-ecosystem', 'solana-ecosystem', 'framework-ventures-portfolio', 'polygon-ecosystem', 'fantom-ecosystem', 'cardano-ecosystem', 'terra-ecosystem', 'web3', 'near-protocol-ecosystem', 'arbitrum-ecosystem', 'cross-chain', 'cardano', 'injective-ecosystem', 'bnb-chain-ecosystem', 'optimism-ecosystem', 'real-world-assets-protocols', 'gnosis-chain-ecosystem', 'sora-ecosystem', 'hoo-smart-chain-ecosystem', 'milkomeda-ecosystem', 'energi-ecosystem', 'made-in-america', 'world-liberty-financial-portfolio', 'binance-ecosystem', 'binance-listing', 'robotics']",1000000000.0,678099970.4527867,1000000000.0,False,Data inaccessible by API,11.0,Data inaccessible by API,Data inaccessible by API,Data inaccessible by API,2025-08-25T17:38:00.000Z,24.37834526123515,2300011082.2177887,115.1391,-1.20427863,-5.97850181,-4.4790649,33.17741622,86.47846437,52.31785104,16530955201.331388,0.4262,24378345261.24,Data inaccessible by API,2025-08-25T17:38:00.000Z,1027.0,Ethereum,ETH,ethereum,0x514910771af9ca656af840dff83e8264ecf986ca,2025-08-25 23:10:28.921834
11,32196,Hyperliquid,HYPE,hyperliquid,135,2024-07-15T10:14:50.000Z,"['decentralized-exchange-dex-token', 'defi', 'derivatives', 'layer-1', 'hyperliquid-ecosystem', 'binance-ecosystem', 'binance-listing']",1000000000.0,333928180.0,999993930.0,False,Data inaccessible by API,12.0,333931719.0,15163232309.822868,Data inaccessible by API,2025-08-25T17:38:00.000Z,45.4081821134903,370983408.5797723,164.2414,-1.87764372,1.1281039,1.71944505,3.73402812,24.71943757,20.03707696,15163071610.266369,0.391,45408182113.49,Data inaccessible by API,2025-08-25T17:38:00.000Z,32196.0,Hyperliquid,HYPE,hyperliquid,0x0d01dc56dcaaca66ad901c959b4011ec,2025-08-25 23:10:28.921834
12,512,Stellar,XLM,stellar,741,2014-08-05T00:00:00.000Z,"['medium-of-exchange', 'enterprise-solutions', 'decentralized-exchange-dex-token', 'defi', 'smart-contracts', 'hashkey-capital-portfolio', 'real-world-assets-protocols', '2017-2018-alt-season', 'made-in-america', 'binance-ecosystem', 'binance-listing']",50001806812.0,31351079295.221573,50001786889.0645,False,Data inaccessible by API,13.0,31531408660.0,12410563414.273035,Data inaccessible by API,2025-08-25T17:39:00.000Z,0.3935936877446514,415637391.6351044,120.911,-0.046427,-4.0532566,-5.45482766,-10.34837388,67.35681789,35.81585946,12339586914.581244,0.3182,19680395537.03,Data inaccessible by API,2025-08-25T17:39:00.000Z,Data inaccessible by API,Data inaccessible by API,Data inaccessible by API,Data inaccessible by API,Data inaccessible by API,2025-08-25 23:10:28.921834
13,20947,Sui,SUI,sui,750,2022-07-12T08:03:11.000Z,"['binance-launchpool', 'coinbase-ventures-portfolio', 'binance-labs-portfolio', 'electric-capital-portfolio', 'a16z-portfolio', 'sui-ecosystem', 'layer-1', 'move-vm', 'cmc-crypto-yearbook-2024-2025', 'made-in-america', 'world-liberty-financial-portfolio', 'binance-ecosystem', 'binance-listing']",10000000000.0,3511924479.5699987,10000000000.0,False,Data inaccessible by API,14.0,3511924479.57,12106934107.949644,Data inaccessible by API,2025-08-25T17:39:00.000Z,3.4473788312874016,2146543648.53828,146.363,-0.92164757,-6.38763391,-5.62373262,-18.45204821,31.56050112,-5.74555383,12106934107.949638,0.3123,34473788312.87,Data inaccessible by API,2025-08-25T17:39:00.000Z,Data inaccessible by API,Data inaccessible by API,Data inaccessible by API,Data inaccessible by API,Data inaccessible by API,2025-08-25 23:10:28.921834
14,29470,Ethena USDe,USDe,ethena-usde,200,2024-02-20T11:05:01.000Z,"['stablecoin', 'asset-backed-stablecoin', 'binance-labs-portfolio', 'dragonfly-capital-portfolio', 'usd-stablecoin', 'eigenlayer-ecosystem', 'binance-ecosystem']",Data inaccessible by API,12097203044.913414,12097203044.913414,True,Data inaccessible by API,15.0,Data inaccessible by API,Data inaccessible by API,Data inaccessible by API,2025-08-25T17:38:00.000Z,1.0006086025077463,315072978.55452543,112.5903,-0.00196204,0.01541343,-0.07973938,-0.04728843,0.08051053,0.00046549,12104565433.023264,0.3121,12104565433.02,Data inaccessible by API,2025-08-25T17:38:00.000Z,1027.0,Ethereum,ETH,ethereum,0x4c9edd5852cd905f086c759e8383e09bff1e68b3,2025-08-25 23:10:28.921834
0,1,Bitcoin,BTC,bitcoin,12290,2010-07-13T00:00:00.000Z,"['mineable', 'pow', 'sha-256', 'store-of-value', 'state-channel', 'coinbase-ventures-portfolio', 'three-arrows-capital-portfolio', 'polychain-capital-portfolio', 'binance-labs-portfolio', 'blockchain-capital-portfolio', 'boostvc-portfolio', 'cms-holdings-portfolio', 'dcg-portfolio', 'dragonfly-capital-portfolio', 'electric-capital-portfolio', 'fabric-ventures-portfolio', 'framework-ventures-portfolio', 'galaxy-digital-portfolio', 'huobi-capital-portfolio', 'alameda-research-portfolio', 'a16z-portfolio', '1confirmation-portfolio', 'winklevoss-capital-portfolio', 'usv-portfolio', 'placeholder-ventures-portfolio', 'pantera-capital-portfolio', 'multicoin-capital-portfolio', 'paradigm-portfolio', 'bitcoin-ecosystem', 'layer-1', 'ftx-bankruptcy-estate', '2017-2018-alt-season', 'us-strategic-crypto-reserve', 'binance-ecosystem', 'binance-listing']",21000000.0,19911400.0,19911400.0,False,Data inaccessible by API,1.0,Data inaccessible by API,Data inaccessible by API,Data inaccessible by API,2025-08-25T17:39:00.000Z,112551.64768602456,87791909757.70667,69.3332,-0.15910307,-1.52577658,-3.56930761,-4.65474147,4.88694839,2.16516489,2241060877735.5093,57.7847,2363584601406.52,Data inaccessible by API,2025-08-25T17:39:00.000Z,Data inaccessible by API,Data inaccessible by API,Data inaccessible by API,Data inaccessible by API,Data inaccessible by API,2025-08-25 23:11:29.754576
1,1027,Ethereum,ETH,ethereum,10469,2015-08-07T00:00:00.000Z,"['pos', 'smart-contracts', 'ethereum-ecosystem', 'coinbase-ventures-portfolio', 'three-arrows-capital-portfolio', 'polychain-capital-portfolio', 'binance-labs-portfolio', 'blockchain-capital-portfolio', 'boostvc-portfolio', 'cms-holdings-portfolio', 'dcg-portfolio', 'dragonfly-capital-portfolio', 'electric-capital-portfolio', 'fabric-ventures-portfolio', 'framework-ventures-portfolio', 'hashkey-capital-portfolio', 'kenetic-capital-portfolio', 'huobi-capital-portfolio', 'alameda-research-portfolio', 'a16z-portfolio', '1confirmation-portfolio', 'winklevoss-capital-portfolio', 'usv-portfolio', 'placeholder-ventures-portfolio', 'pantera-capital-portfolio', 'multicoin-capital-portfolio', 'paradigm-portfolio', 'layer-1', 'ftx-bankruptcy-estate', 'sora-ecosystem', 'rsk-rbtc-ecosystem', 'world-liberty-financial-portfolio', 'us-strategic-crypto-reserve', 'binance-ecosystem', 'binance-listing']",Data inaccessible by API,120707098.1711658,120707098.1711658,True,Data inaccessible by API,2.0,Data inaccessible by API,Data inaccessible by API,Data inaccessible by API,2025-08-25T17:40:00.000Z,4592.144500450101,65201180940.0624,101.6665,-0.82888834,-5.77932893,5.15975297,23.1490462,89.10155397,70.99222464,554304437032.0094,14.2925,554304437032.01,Data inaccessible by API,2025-08-25T17:40:00.000Z,Data inaccessible by API,Data inaccessible by API,Data inaccessible by API,Data inaccessible by API,Data inaccessible by API,2025-08-25 23:11:29.754576
2,52,XRP,XRP,xrp,1681,2013-08-04T00:00:00.000Z,"['medium-of-exchange', 'enterprise-solutions', 'xrp-ecosystem', 'arrington-xrp-capital-portfolio', 'galaxy-digital-portfolio', 'a16z-portfolio', 'pantera-capital-portfolio', 'ftx-bankruptcy-estate', '2017-2018-alt-season', 'klaytn-ecosystem', 'made-in-america', 'us-strategic-crypto-reserve', 'binance-ecosystem', 'binance-listing']",100000000000.0,59482264023.0,99985819185.0,False,Data inaccessible by API,3.0,Data inaccessible by API,Data inaccessible by API,Data inaccessible by API,2025-08-25T17:39:00.000Z,2.948357625605503,8034147084.422927,121.4746,-0.37777971,-2.94754565,-4.17701595,-7.30504657,39.12761618,26.09531768,175374986720.4919,4.522,294835762560.55,Data inaccessible by API,2025-08-25T17:39:00.000Z,Data inaccessible by API,Data inaccessible by API,Data inaccessible by API,Data inaccessible by API,Data inaccessible by API,2025-08-25 23:11:29.754576
3,825,Tether USDt,USDT,tether,142640,2015-02-25T00:00:00.000Z,"['stablecoin', 'asset-backed-stablecoin', 'usd-stablecoin', 'fiat-stablecoin', 'tron20-ecosystem', 'rsk-rbtc-ecosystem', 'world-liberty-financial-portfolio', 'binance-ecosystem', 'binance-listing', 'peaq-ecosystem', 'apertum-ecosystem', 'etherlink-ecosystem', 'duckchain-ecosystem', 'onus-ecosystem', 'zedxion-smart-chain-ecosystem']",Data inaccessible by API,167150540379.7628,169734252948.3468,True,Data inaccessible by API,4.0,Data inaccessible by API,Data inaccessible by API,Data inaccessible by API,2025-08-25T17:39:00.000Z,0.9999006976631024,179015538328.1765,85.3523,-0.0046342,0.0127446,-0.07018133,-0.034106,-0.03861802,-0.04857518,167133941940.4894,4.3095,169717397940.38,Data inaccessible by API,2025-08-25T17:39:00.000Z,1027.0,Ethereum,ETH,ethereum,0xdac17f958d2ee523a2206206994597c13d831ec7,2025-08-25 23:11:29.754576
4,1839,BNB,BNB,bnb,2679,2017-07-25T00:00:00.000Z,"['marketplace', 'centralized-exchange', 'payments', 'smart-contracts', 'alameda-research-portfolio', 'multicoin-capital-portfolio', 'bnb-chain-ecosystem', 'layer-1', 'alleged-sec-securities', 'celsius-bankruptcy-estate', 'binance-ecosystem', 'binance-listing']",Data inaccessible by API,139287302.54,139287302.54,False,Data inaccessible by API,5.0,Data inaccessible by API,Data inaccessible by API,Data inaccessible by API,2025-08-25T17:39:00.000Z,864.4402748685884,3259890681.2468925,35.7893,-0.36676246,-0.75175276,1.96307765,10.90940924,33.64336895,24.90375135,120405554093.38182,3.1046,120405554093.38,Data inaccessible by API,2025-08-25T17:39:00.000Z,Data inaccessible by API,Data inaccessible by API,Data inaccessible by API,Data inaccessible by API,Data inaccessible by API,2025-08-25 23:11:29.754576
5,5426,Solana,SOL,solana,974,2020-04-10T00:00:00.000Z,"['pos', 'platform', 'solana-ecosystem', 'cms-holdings-portfolio', 'kenetic-capital-portfolio', 'alameda-research-portfolio', 'multicoin-capital-portfolio', 'okx-ventures-portfolio', 'layer-1', 'ftx-bankruptcy-estate', 'alleged-sec-securities', 'cmc-crypto-awards-2024', 'made-in-america', 'us-strategic-crypto-reserve', 'binance-ecosystem', 'binance-listing']",Data inaccessible by API,540561116.9261018,608331531.1580846,True,Data inaccessible by API,6.0,525236893.3,103376707348.61472,Data inaccessible by API,2025-08-25T17:39:00.000Z,196.819204186346,13865161191.657404,79.4731,-0.45856248,-5.38952666,6.13530743,5.86922582,38.38751284,10.37762209,106392808847.47768,2.7433,119731327844.0,Data inaccessible by API,2025-08-25T17:39:00.000Z,Data inaccessible by API,Data inaccessible by API,Data inaccessible by API,Data inaccessible by API,Data inaccessible by API,2025-08-25 23:11:29.754576
6,3408,USDC,USDC,usd-coin,30821,2018-10-08T00:00:00.000Z,"['medium-of-exchange', 'stablecoin', 'asset-backed-stablecoin', 'coinbase-ventures-portfolio', 'usd-stablecoin', 'fiat-stablecoin', 'tron20-ecosystem', 'made-in-america', 'world-liberty-financial-portfolio', 'sonic-ecosystem', 'binance-ecosystem', 'binance-listing', 'etherlink-ecosystem', 'unichain-ecosystem', 'vector-smart-chain-ecosystem']",Data inaccessible by API,67382553730.44138,67382553730.44138,False,Data inaccessible by API,7.0,60901219650.23,60891501860.37371,Data inaccessible by API,2025-08-25T17:39:00.000Z,0.9998404335756804,23931288775.28459,132.0475,-0.01340479,-0.01772072,-0.01335431,0.00270186,-0.00606902,0.00772998,67371801737.28109,1.7372,67371801737.28,Data inaccessible by API,2025-08-25T17:39:00.000Z,1027.0,Ethereum,ETH,ethereum,0xa0b86991c6218b36c1d19d4a2e9eb0ce3606eb48,2025-08-25 23:11:29.754576
7,1958,TRON,TRX,tron,1216,2017-09-13T00:00:00.000Z,"['media', 'payments', 'tron-ecosystem', 'layer-1', 'dwf-labs-portfolio', 'alleged-sec-securities', '2017-2018-alt-season', 'tron20-ecosystem', 'world-liberty-financial-portfolio', 'binance-ecosystem', 'binance-listing']",Data inaccessible by API,94666219153.23836,94666231845.87798,True,Data inaccessible by API,8.0,71659659264.0,25164125608.4496,Data inaccessible by API,2025-08-25T17:40:00.000Z,0.3511616698558797,1903694979.4129124,156.8562,-0.32416629,-4.28666727,0.51501749,9.66909335,29.40656562,27.30497634,33243147596.793846,0.8572,33243152053.96,Data inaccessible by API,2025-08-25T17:40:00.000Z,Data inaccessible by API,Data inaccessible by API,Data inaccessible by API,Data inaccessible by API,Data inaccessible by API,2025-08-25 23:11:29.754576
8,74,Dogecoin,DOGE,dogecoin,1276,2013-12-15T00:00:00.000Z,"['mineable', 'pow', 'scrypt', 'medium-of-exchange', 'memes', 'payments', 'doggone-doggerel', 'osmosis-ecosystem', 'ftx-bankruptcy-estate', 'animal-memes', 'made-in-america', 'binance-ecosystem', 'binance-listing']",Data inaccessible by API,150667086383.7052,150667086383.7052,True,Data inaccessible by API,9.0,Data inaccessible by API,Data inaccessible by API,Data inaccessible by API,2025-08-25T17:39:00.000Z,0.2181075046642062,4189581549.977852,144.5221,-0.68599855,-6.70096983,-3.09778192,-7.90756333,36.19169044,-4.66801219,32861622246.17634,0.8473,32861622246.18,Data inaccessible by API,2025-08-25T17:39:00.000Z,Data inaccessible by API,Data inaccessible by API,Data inaccessible by API,Data inaccessible by API,Data inaccessible by API,2025-08-25 23:11:29.754576
9,2010,Cardano,ADA,cardano,1567,2017-10-01T00:00:00.000Z,"['dpos', 'pos', 'platform', 'research', 'smart-contracts', 'staking', 'cardano-ecosystem', 'cardano', 'layer-1', 'alleged-sec-securities', '2017-2018-alt-season', 'made-in-america', 'us-strategic-crypto-reserve', 'binance-ecosystem', 'binance-listing']",45000000000.0,35724891762.85982,44994674679.3984,False,Data inaccessible by API,10.0,37997904336.0,32955649156.52235,Data inaccessible by API,2025-08-25T17:39:00.000Z,0.8673017560418322,3004463588.319717,168.9315,-1.1059801,-5.17996039,-6.99458534,4.64330316,56.18914651,12.73432941,30984261360.332703,0.7989,39028579021.88,Data inaccessible by API,2025-08-25T17:39:00.000Z,Data inaccessible by API,Data inaccessible by API,Data inaccessible by API,Data inaccessible by API,Data inaccessible by API,2025-08-25 23:11:29.754576
10,1975,Chainlink,LINK,chainlink,2069,2017-09-20T00:00:00.000Z,"['platform', 'defi', 'interoperability', 'oracles', 'smart-contracts', 'ethereum-ecosystem', 'polkadot', 'heco-ecosystem', 'avalanche-ecosystem', 'solana-ecosystem', 'framework-ventures-portfolio', 'polygon-ecosystem', 'fantom-ecosystem', 'cardano-ecosystem', 'terra-ecosystem', 'web3', 'near-protocol-ecosystem', 'arbitrum-ecosystem', 'cross-chain', 'cardano', 'injective-ecosystem', 'bnb-chain-ecosystem', 'optimism-ecosystem', 'real-world-assets-protocols', 'gnosis-chain-ecosystem', 'sora-ecosystem', 'hoo-smart-chain-ecosystem', 'milkomeda-ecosystem', 'energi-ecosystem', 'made-in-america', 'world-liberty-financial-portfolio', 'binance-ecosystem', 'binance-listing', 'robotics']",1000000000.0,678099970.4527867,1000000000.0,False,Data inaccessible by API,11.0,Data inaccessible by API,Data inaccessible by API,Data inaccessible by API,2025-08-25T17:39:00.000Z,24.376268156939005,2299723556.0766788,115.0333,-1.22229887,-5.99480457,-4.88481122,33.26805806,86.40592393,52.3791925,16529546716.969543,0.4262,24376268156.94,Data inaccessible by API,2025-08-25T17:39:00.000Z,1027.0,Ethereum,ETH,ethereum,0x514910771af9ca656af840dff83e8264ecf986ca,2025-08-25 23:11:29.754576
11,32196,Hyperliquid,HYPE,hyperliquid,135,2024-07-15T10:14:50.000Z,"['decentralized-exchange-dex-token', 'defi', 'derivatives', 'layer-1', 'hyperliquid-ecosystem', 'binance-ecosystem', 'binance-listing']",1000000000.0,333928180.0,999993930.0,False,Data inaccessible by API,12.0,333931719.0,15159991936.85789,Data inaccessible by API,2025-08-25T17:40:00.000Z,45.39847841425896,371575120.7479771,164.7402,-1.90104087,1.04676905,1.74268473,3.74579033,24.33513422,20.13297715,15159831271.64278,0.3909,45398478414.26,Data inaccessible by API,2025-08-25T17:40:00.000Z,32196.0,Hyperliquid,HYPE,hyperliquid,0x0d01dc56dcaaca66ad901c959b4011ec,2025-08-25 23:11:29.754576
12,512,Stellar,XLM,stellar,741,2014-08-05T00:00:00.000Z,"['medium-of-exchange', 'enterprise-solutions', 'decentralized-exchange-dex-token', 'defi', 'smart-contracts', 'hashkey-capital-portfolio', 'real-world-assets-protocols', '2017-2018-alt-season', 'made-in-america', 'binance-ecosystem', 'binance-listing']",50001806812.0,31351079295.221573,50001786889.0645,False,Data inaccessible by API,13.0,31531408660.0,12410563414.273035,Data inaccessible by API,2025-08-25T17:39:00.000Z,0.3935936877446514,415637391.6351044,120.911,-0.046427,-4.0532566,-5.45482766,-10.34837388,67.35681789,35.81585946,12339586914.581244,0.3182,19680395537.03,Data inaccessible by API,2025-08-25T17:39:00.000Z,Data inaccessible by API,Data inaccessible by API,Data inaccessible by API,Data inaccessible by API,Data inaccessible by API,2025-08-25 23:11:29.754576
13,20947,Sui,SUI,sui,750,2022-07-12T08:03:11.000Z,"['binance-launchpool', 'coinbase-ventures-portfolio', 'binance-labs-portfolio', 'electric-capital-portfolio', 'a16z-portfolio', 'sui-ecosystem', 'layer-1', 'move-vm', 'cmc-crypto-yearbook-2024-2025', 'made-in-america', 'world-liberty-financial-portfolio', 'binance-ecosystem', 'binance-listing']",10000000000.0,3511924479.5699987,10000000000.0,False,Data inaccessible by API,14.0,3511924479.57,12114834580.111076,Data inaccessible by API,2025-08-25T17:40:00.000Z,3.44962844462829,2146783138.321448,146.2163,-0.90884806,-6.34384008,-5.55594191,-18.40990122,31.61310721,-5.69591881,12114834580.11107,0.3125,34496284446.28,Data inaccessible by API,2025-08-25T17:40:00.000Z,Data inaccessible by API,Data inaccessible by API,Data inaccessible by API,Data inaccessible by API,Data inaccessible by API,2025-08-25 23:11:29.754576
14,29470,Ethena USDe,USDe,ethena-usde,200,2024-02-20T11:05:01.000Z,"['stablecoin', 'asset-backed-stablecoin', 'binance-labs-portfolio', 'dragonfly-capital-portfolio', 'usd-stablecoin', 'eigenlayer-ecosystem', 'binance-ecosystem']",Data inaccessible by API,12097203044.913414,12097203044.913414,True,Data inaccessible by API,15.0,Data inaccessible by API,Data inaccessible by API,Data inaccessible by API,2025-08-25T17:39:00.000Z,1.0006042769358598,315062160.4098861,112.583,-0.01051469,0.01813169,-0.08277005,-0.0403399,0.07816557,-0.00203635,12104513105.701868,0.3121,12104513105.7,Data inaccessible by API,2025-08-25T17:39:00.000Z,1027.0,Ethereum,ETH,ethereum,0x4c9edd5852cd905f086c759e8383e09bff1e68b3,2025-08-25 23:11:29.754576
1,Bitcoin,BTC,bitcoin,12290,2010-07-13T00:00:00.000Z,"['mineable', 'pow', 'sha-256', 'store-of-value', 'state-channel', 'coinbase-ventures-portfolio', 'three-arrows-capital-portfolio', 'polychain-capital-portfolio', 'binance-labs-portfolio', 'blockchain-capital-portfolio', 'boostvc-portfolio', 'cms-holdings-portfolio', 'dcg-portfolio', 'dragonfly-capital-portfolio', 'electric-capital-portfolio', 'fabric-ventures-portfolio', 'framework-ventures-portfolio', 'galaxy-digital-portfolio', 'huobi-capital-portfolio', 'alameda-research-portfolio', 'a16z-portfolio', '1confirmation-portfolio', 'winklevoss-capital-portfolio', 'usv-portfolio', 'placeholder-ventures-portfolio', 'pantera-capital-portfolio', 'multicoin-capital-portfolio', 'paradigm-portfolio', 'bitcoin-ecosystem', 'layer-1', 'ftx-bankruptcy-estate', '2017-2018-alt-season', 'us-strategic-crypto-reserve', 'binance-ecosystem', 'binance-listing']",21000000.0,19911421.0,19911421.0,False,Data inaccessible by API,1.0,Data inaccessible by API,Data inaccessible by API,Data inaccessible by API,2025-08-25T18:18:00.000Z,112498.97746122548,87854938078.00154,62.0263,0.08559951,-1.86073583,-3.31450652,-4.66158028,4.63835822,2.01649351,2240014502299.972,57.7332,2362478526685.74,Data inaccessible by API,2025-08-25T18:18:00.000Z,Data inaccessible by API,Data inaccessible by API,Data inaccessible by API,Data inaccessible by API,Data inaccessible by API,2025-08-25 23:50:01.521910,Data inaccessible by API
1027,Ethereum,ETH,ethereum,10469,2015-08-07T00:00:00.000Z,"['pos', 'smart-contracts', 'ethereum-ecosystem', 'coinbase-ventures-portfolio', 'three-arrows-capital-portfolio', 'polychain-capital-portfolio', 'binance-labs-portfolio', 'blockchain-capital-portfolio', 'boostvc-portfolio', 'cms-holdings-portfolio', 'dcg-portfolio', 'dragonfly-capital-portfolio', 'electric-capital-portfolio', 'fabric-ventures-portfolio', 'framework-ventures-portfolio', 'hashkey-capital-portfolio', 'kenetic-capital-portfolio', 'huobi-capital-portfolio', 'alameda-research-portfolio', 'a16z-portfolio', '1confirmation-portfolio', 'winklevoss-capital-portfolio', 'usv-portfolio', 'placeholder-ventures-portfolio', 'pantera-capital-portfolio', 'multicoin-capital-portfolio', 'paradigm-portfolio', 'layer-1', 'ftx-bankruptcy-estate', 'sora-ecosystem', 'rsk-rbtc-ecosystem', 'world-liberty-financial-portfolio', 'us-strategic-crypto-reserve', 'binance-ecosystem', 'binance-listing']",Data inaccessible by API,120707098.1711658,120707098.1711658,True,Data inaccessible by API,2.0,Data inaccessible by API,Data inaccessible by API,Data inaccessible by API,2025-08-25T18:19:00.000Z,4591.873344882221,65193768363.15716,95.8872,0.45030775,-6.96458424,5.96052317,23.46051619,88.96681639,69.92925683,554271706630.2577,14.2856,554271706630.26,Data inaccessible by API,2025-08-25T18:19:00.000Z,Data inaccessible by API,Data inaccessible by API,Data inaccessible by API,Data inaccessible by API,Data inaccessible by API,2025-08-25 23:50:01.521910,Data inaccessible by API
52,XRP,XRP,xrp,1681,2013-08-04T00:00:00.000Z,"['medium-of-exchange', 'enterprise-solutions', 'xrp-ecosystem', 'arrington-xrp-capital-portfolio', 'galaxy-digital-portfolio', 'a16z-portfolio', 'pantera-capital-portfolio', 'ftx-bankruptcy-estate', '2017-2018-alt-season', 'klaytn-ecosystem', 'made-in-america', 'us-strategic-crypto-reserve', 'binance-ecosystem', 'binance-listing']",100000000000.0,59482264023.0,99985819185.0,False,Data inaccessible by API,3.0,Data inaccessible by API,Data inaccessible by API,Data inaccessible by API,2025-08-25T18:19:00.000Z,2.957196573086633,7934164323.290086,108.5747,0.4666247,-3.40195327,-3.07844633,-6.53290892,39.33355676,26.15343282,175900747328.2499,4.5336,295719657308.66,Data inaccessible by API,2025-08-25T18:19:00.000Z,Data inaccessible by API,Data inaccessible by API,Data inaccessible by API,Data inaccessible by API,Data inaccessible by API,2025-08-25 23:50:01.521910,Data inaccessible by API
825,Tether USDt,USDT,tether,142641,2015-02-25T00:00:00.000Z,"['stablecoin', 'asset-backed-stablecoin', 'usd-stablecoin', 'fiat-stablecoin', 'tron20-ecosystem', 'rsk-rbtc-ecosystem', 'world-liberty-financial-portfolio', 'binance-ecosystem', 'binance-listing', 'peaq-ecosystem', 'apertum-ecosystem', 'etherlink-ecosystem', 'duckchain-ecosystem', 'onus-ecosystem', 'zedxion-smart-chain-ecosystem']",Data inaccessible by API,167150540379.7628,169734252948.3468,True,Data inaccessible by API,4.0,Data inaccessible by API,Data inaccessible by API,Data inaccessible by API,2025-08-25T18:18:00.000Z,0.9998641138293577,176990735546.0563,75.6199,-0.01970257,0.02470518,-0.07075129,-0.05115085,-0.03490072,-0.0587046,167127826932.9098,4.3075,169711188410.69,Data inaccessible by API,2025-08-25T18:18:00.000Z,1027.0,Ethereum,ETH,ethereum,0xdac17f958d2ee523a2206206994597c13d831ec7,2025-08-25 23:50:01.521910,Data inaccessible by API
1839,BNB,BNB,bnb,2679,2017-07-25T00:00:00.000Z,"['marketplace', 'centralized-exchange', 'payments', 'smart-contracts', 'alameda-research-portfolio', 'multicoin-capital-portfolio', 'bnb-chain-ecosystem', 'layer-1', 'alleged-sec-securities', 'celsius-bankruptcy-estate', 'binance-ecosystem', 'binance-listing']",Data inaccessible by API,139287301.16,139287301.16,False,Data inaccessible by API,5.0,Data inaccessible by API,Data inaccessible by API,Data inaccessible by API,2025-08-25T18:18:00.000Z,866.1171825186067,3236845952.2974234,32.4865,0.28356842,-1.07737891,2.63503363,11.03933375,33.9666004,25.41024057,120639124841.31984,3.1093,120639124841.32,Data inaccessible by API,2025-08-25T18:18:00.000Z,Data inaccessible by API,Data inaccessible by API,Data inaccessible by API,Data inaccessible by API,Data inaccessible by API,2025-08-25 23:50:01.521910,Data inaccessible by API
5426,Solana,SOL,solana,974,2020-04-10T00:00:00.000Z,"['pos', 'platform', 'solana-ecosystem', 'cms-holdings-portfolio', 'kenetic-capital-portfolio', 'alameda-research-portfolio', 'multicoin-capital-portfolio', 'okx-ventures-portfolio', 'layer-1', 'ftx-bankruptcy-estate', 'alleged-sec-securities', 'cmc-crypto-awards-2024', 'made-in-america', 'us-strategic-crypto-reserve', 'binance-ecosystem', 'binance-listing']",Data inaccessible by API,540561082.0499785,608331495.1255546,True,Data inaccessible by API,6.0,525236893.3,103700980510.68698,Data inaccessible by API,2025-08-25T18:18:00.000Z,197.43658877263218,13696028306.69277,72.0048,0.7247911,-5.92324621,7.58296143,6.52596014,38.84720252,10.2956684,106726536063.19067,2.7507,120106895240.54,Data inaccessible by API,2025-08-25T18:18:00.000Z,Data inaccessible by API,Data inaccessible by API,Data inaccessible by API,Data inaccessible by API,Data inaccessible by API,2025-08-25 23:50:01.521910,Data inaccessible by API
3408,USDC,USDC,usd-coin,30822,2018-10-08T00:00:00.000Z,"['medium-of-exchange', 'stablecoin', 'asset-backed-stablecoin', 'coinbase-ventures-portfolio', 'usd-stablecoin', 'fiat-stablecoin', 'tron20-ecosystem', 'made-in-america', 'world-liberty-financial-portfolio', 'sonic-ecosystem', 'binance-ecosystem', 'binance-listing', 'etherlink-ecosystem', 'unichain-ecosystem', 'vector-smart-chain-ecosystem']",Data inaccessible by API,67504412298.46424,67504412298.46424,False,Data inaccessible by API,7.0,60901219650.23,60891894930.54898,Data inaccessible by API,2025-08-25T18:18:00.000Z,0.9998468878006946,24527903696.45128,105.2627,-0.0065557,0.01242423,-0.01153279,-0.00235925,0.01671441,0.00380567,67494076549.43441,1.7396,67494076549.43,Data inaccessible by API,2025-08-25T18:18:00.000Z,1027.0,Ethereum,ETH,ethereum,0xa0b86991c6218b36c1d19d4a2e9eb0ce3606eb48,2025-08-25 23:50:01.521910,Data inaccessible by API
1958,TRON,TRX,tron,1216,2017-09-13T00:00:00.000Z,"['media', 'payments', 'tron-ecosystem', 'layer-1', 'dwf-labs-portfolio', 'alleged-sec-securities', '2017-2018-alt-season', 'tron20-ecosystem', 'world-liberty-financial-portfolio', 'binance-ecosystem', 'binance-listing']",Data inaccessible by API,94666051137.35909,94666056334.36154,True,Data inaccessible by API,8.0,71659659264.0,25148717728.77907,Data inaccessible by API,2025-08-25T18:19:00.000Z,0.3509466551624137,1870547765.3324,142.2865,-0.0792426,-4.58125512,0.57528465,9.99310732,29.59373841,27.50429586,33222734004.09018,0.8563,33222735827.96,Data inaccessible by API,2025-08-25T18:19:00.000Z,Data inaccessible by API,Data inaccessible by API,Data inaccessible by API,Data inaccessible by API,Data inaccessible by API,2025-08-25 23:50:01.521910,Data inaccessible by API
74,Dogecoin,DOGE,dogecoin,1276,2013-12-15T00:00:00.000Z,"['mineable', 'pow', 'scrypt', 'medium-of-exchange', 'memes', 'payments', 'doggone-doggerel', 'osmosis-ecosystem', 'ftx-bankruptcy-estate', 'animal-memes', 'made-in-america', 'binance-ecosystem', 'binance-listing']",Data inaccessible by API,150667646383.70523,150667646383.70523,True,Data inaccessible by API,9.0,Data inaccessible by API,Data inaccessible by API,Data inaccessible by API,2025-08-25T18:18:00.000Z,0.21866897185249884,4069490781.460249,125.2381,0.37124122,-7.63166213,-1.76919752,-7.02069193,36.24239536,-4.7003315,32946339326.160686,0.8491,32946339326.16,Data inaccessible by API,2025-08-25T18:18:00.000Z,Data inaccessible by API,Data inaccessible by API,Data inaccessible by API,Data inaccessible by API,Data inaccessible by API,2025-08-25 23:50:01.521910,Data inaccessible by API
2010,Cardano,ADA,cardano,1567,2017-10-01T00:00:00.000Z,"['dpos', 'pos', 'platform', 'research', 'smart-contracts', 'staking', 'cardano-ecosystem', 'cardano', 'layer-1', 'alleged-sec-securities', '2017-2018-alt-season', 'made-in-america', 'us-strategic-crypto-reserve', 'binance-ecosystem', 'binance-listing']",45000000000.0,35724891762.85982,44994674679.3984,False,Data inaccessible by API,10.0,37997904336.0,33094144520.27788,Data inaccessible by API,2025-08-25T18:18:00.000Z,0.8709465718856448,2943880257.6835985,149.5639,0.53506545,-5.58014738,-5.15966976,5.63996417,56.40982732,12.8932151,31114472011.84847,0.8019,39192595734.85,Data inaccessible by API,2025-08-25T18:18:00.000Z,Data inaccessible by API,Data inaccessible by API,Data inaccessible by API,Data inaccessible by API,Data inaccessible by API,2025-08-25 23:50:01.521910,Data inaccessible by API
1975,Chainlink,LINK,chainlink,2069,2017-09-20T00:00:00.000Z,"['platform', 'defi', 'interoperability', 'oracles', 'smart-contracts', 'ethereum-ecosystem', 'polkadot', 'heco-ecosystem', 'avalanche-ecosystem', 'solana-ecosystem', 'framework-ventures-portfolio', 'polygon-ecosystem', 'fantom-ecosystem', 'cardano-ecosystem', 'terra-ecosystem', 'web3', 'near-protocol-ecosystem', 'arbitrum-ecosystem', 'cross-chain', 'cardano', 'injective-ecosystem', 'bnb-chain-ecosystem', 'optimism-ecosystem', 'real-world-assets-protocols', 'gnosis-chain-ecosystem', 'sora-ecosystem', 'hoo-smart-chain-ecosystem', 'milkomeda-ecosystem', 'energi-ecosystem', 'made-in-america', 'world-liberty-financial-portfolio', 'binance-ecosystem', 'binance-listing', 'robotics']",1000000000.0,678099970.4527867,1000000000.0,False,Data inaccessible by API,11.0,Data inaccessible by API,Data inaccessible by API,Data inaccessible by API,2025-08-25T18:18:00.000Z,24.400419210986627,2243400885.18,98.8219,-0.17043853,-6.58138515,-2.82041104,33.66312221,85.88154788,51.95551179,16545923546.00564,0.4264,24400419210.99,Data inaccessible by API,2025-08-25T18:18:00.000Z,1027.0,Ethereum,ETH,ethereum,0x514910771af9ca656af840dff83e8264ecf986ca,2025-08-25 23:50:01.521910,Data inaccessible by API
32196,Hyperliquid,HYPE,hyperliquid,135,2024-07-15T10:14:50.000Z,"['decentralized-exchange-dex-token', 'defi', 'derivatives', 'layer-1', 'hyperliquid-ecosystem', 'binance-ecosystem', 'binance-listing']",1000000000.0,333928180.0,999993930.0,False,Data inaccessible by API,12.0,333931719.0,15214656887.328588,Data inaccessible by API,2025-08-25T18:18:00.000Z,45.562179396706505,371220672.19875824,161.0023,-0.4795011,0.16481062,3.06930617,4.10957795,24.44245774,21.33164312,15214495642.775702,0.3921,45562179396.71,Data inaccessible by API,2025-08-25T18:18:00.000Z,32196.0,Hyperliquid,HYPE,hyperliquid,0x0d01dc56dcaaca66ad901c959b4011ec,2025-08-25 23:50:01.521910,Data inaccessible by API
512,Stellar,XLM,stellar,741,2014-08-05T00:00:00.000Z,"['medium-of-exchange', 'enterprise-solutions', 'decentralized-exchange-dex-token', 'defi', 'smart-contracts', 'hashkey-capital-portfolio', 'real-world-assets-protocols', '2017-2018-alt-season', 'made-in-america', 'binance-ecosystem', 'binance-listing']",50001806812.0,31351078630.242718,50001786889.0645,False,Data inaccessible by API,13.0,31531408660.0,12406026628.14081,Data inaccessible by API,2025-08-25T18:19:00.000Z,0.39344980625235443,408464078.8491075,103.5763,0.48662041,-5.33553906,-4.37474991,-9.8075236,67.2016285,35.53845067,12335075812.871325,0.3179,19673201202.45,Data inaccessible by API,2025-08-25T18:19:00.000Z,Data inaccessible by API,Data inaccessible by API,Data inaccessible by API,Data inaccessible by API,Data inaccessible by API,2025-08-25 23:50:01.521910,Data inaccessible by API
20947,Sui,SUI,sui,750,2022-07-12T08:03:11.000Z,"['binance-launchpool', 'coinbase-ventures-portfolio', 'binance-labs-portfolio', 'electric-capital-portfolio', 'a16z-portfolio', 'sui-ecosystem', 'layer-1', 'move-vm', 'cmc-crypto-yearbook-2024-2025', 'made-in-america', 'world-liberty-financial-portfolio', 'binance-ecosystem', 'binance-listing']",10000000000.0,3511924479.5699987,10000000000.0,False,Data inaccessible by API,14.0,3511924479.57,12154052529.085997,Data inaccessible by API,2025-08-25T18:18:00.000Z,3.4607955267233246,2087282015.5931528,121.8079,0.41299201,-7.4148705,-4.16959139,-17.83923535,32.09148948,-6.28917003,12154052529.08599,0.3132,34607955267.23,Data inaccessible by API,2025-08-25T18:18:00.000Z,Data inaccessible by API,Data inaccessible by API,Data inaccessible by API,Data inaccessible by API,Data inaccessible by API,2025-08-25 23:50:01.521910,Data inaccessible by API
29470,Ethena USDe,USDe,ethena-usde,200,2024-02-20T11:05:01.000Z,"['stablecoin', 'asset-backed-stablecoin', 'binance-labs-portfolio', 'dragonfly-capital-portfolio', 'usd-stablecoin', 'eigenlayer-ecosystem', 'binance-ecosystem']",Data inaccessible by API,12097203044.913414,12097203044.913414,True,Data inaccessible by API,15.0,Data inaccessible by API,Data inaccessible by API,Data inaccessible by API,2025-08-25T18:18:00.000Z,1.0005772488784137,313539768.14529914,102.0692,0.0049614,0.02815458,-0.07492075,-0.04414793,0.07017182,-0.00904,12104186141.803034,0.312,12104186141.8,Data inaccessible by API,2025-08-25T18:18:00.000Z,1027.0,Ethereum,ETH,ethereum,0x4c9edd5852cd905f086c759e8383e09bff1e68b3,2025-08-25 23:50:01.521910,Data inaccessible by API
1,Bitcoin,BTC,bitcoin,12290,2010-07-13T00:00:00.000Z,"['mineable', 'pow', 'sha-256', 'store-of-value', 'state-channel', 'coinbase-ventures-portfolio', 'three-arrows-capital-portfolio', 'polychain-capital-portfolio', 'binance-labs-portfolio', 'blockchain-capital-portfolio', 'boostvc-portfolio', 'cms-holdings-portfolio', 'dcg-portfolio', 'dragonfly-capital-portfolio', 'electric-capital-portfolio', 'fabric-ventures-portfolio', 'framework-ventures-portfolio', 'galaxy-digital-portfolio', 'huobi-capital-portfolio', 'alameda-research-portfolio', 'a16z-portfolio', '1confirmation-portfolio', 'winklevoss-capital-portfolio', 'usv-portfolio', 'placeholder-ventures-portfolio', 'pantera-capital-portfolio', 'multicoin-capital-portfolio', 'paradigm-portfolio', 'bitcoin-ecosystem', 'layer-1', 'ftx-bankruptcy-estate', '2017-2018-alt-season', 'us-strategic-crypto-reserve', 'binance-ecosystem', 'binance-listing']",21000000.0,19911421.0,19911421.0,False,Data inaccessible by API,1.0,Data inaccessible by API,Data inaccessible by API,Data inaccessible by API,2025-08-25T18:19:00.000Z,112505.0839676523,87846403031.32707,65.0237,0.07238678,-1.87133046,-3.31617803,-4.67120466,4.64658923,2.00972583,2240136091520.2754,57.7364,2362606763320.7,Data inaccessible by API,2025-08-25T18:19:00.000Z,Data inaccessible by API,Data inaccessible by API,Data inaccessible by API,Data inaccessible by API,Data inaccessible by API,2025-08-25 23:51:02.614764,Data inaccessible by API
1027,Ethereum,ETH,ethereum,10469,2015-08-07T00:00:00.000Z,"['pos', 'smart-contracts', 'ethereum-ecosystem', 'coinbase-ventures-portfolio', 'three-arrows-capital-portfolio', 'polychain-capital-portfolio', 'binance-labs-portfolio', 'blockchain-capital-portfolio', 'boostvc-portfolio', 'cms-holdings-portfolio', 'dcg-portfolio', 'dragonfly-capital-portfolio', 'electric-capital-portfolio', 'fabric-ventures-portfolio', 'framework-ventures-portfolio', 'hashkey-capital-portfolio', 'kenetic-capital-portfolio', 'huobi-capital-portfolio', 'alameda-research-portfolio', 'a16z-portfolio', '1confirmation-portfolio', 'winklevoss-capital-portfolio', 'usv-portfolio', 'placeholder-ventures-portfolio', 'pantera-capital-portfolio', 'multicoin-capital-portfolio', 'paradigm-portfolio', 'layer-1', 'ftx-bankruptcy-estate', 'sora-ecosystem', 'rsk-rbtc-ecosystem', 'world-liberty-financial-portfolio', 'us-strategic-crypto-reserve', 'binance-ecosystem', 'binance-listing']",Data inaccessible by API,120707098.1711658,120707098.1711658,True,Data inaccessible by API,2.0,Data inaccessible by API,Data inaccessible by API,Data inaccessible by API,2025-08-25T18:20:00.000Z,4588.98272240825,66300015023.97544,94.4345,0.29108221,-7.0214173,5.98713665,23.33548225,88.94507048,70.19189898,553922787979.5164,14.2766,553922787979.52,Data inaccessible by API,2025-08-25T18:20:00.000Z,Data inaccessible by API,Data inaccessible by API,Data inaccessible by API,Data inaccessible by API,Data inaccessible by API,2025-08-25 23:51:02.614764,Data inaccessible by API
52,XRP,XRP,xrp,1681,2013-08-04T00:00:00.000Z,"['medium-of-exchange', 'enterprise-solutions', 'xrp-ecosystem', 'arrington-xrp-capital-portfolio', 'galaxy-digital-portfolio', 'a16z-portfolio', 'pantera-capital-portfolio', 'ftx-bankruptcy-estate', '2017-2018-alt-season', 'klaytn-ecosystem', 'made-in-america', 'us-strategic-crypto-reserve', 'binance-ecosystem', 'binance-listing']",100000000000.0,59482264023.0,99985819185.0,False,Data inaccessible by API,3.0,Data inaccessible by API,Data inaccessible by API,Data inaccessible by API,2025-08-25T18:20:00.000Z,2.9570300862303,7928503849.921687,107.8881,0.4761375,-3.43193929,-3.06074049,-6.53539147,39.34798673,26.18436589,175890844313.10516,4.5333,295703008623.03,Data inaccessible by API,2025-08-25T18:20:00.000Z,Data inaccessible by API,Data inaccessible by API,Data inaccessible by API,Data inaccessible by API,Data inaccessible by API,2025-08-25 23:51:02.614764,Data inaccessible by API
825,Tether USDt,USDT,tether,142641,2015-02-25T00:00:00.000Z,"['stablecoin', 'asset-backed-stablecoin', 'usd-stablecoin', 'fiat-stablecoin', 'tron20-ecosystem', 'rsk-rbtc-ecosystem', 'world-liberty-financial-portfolio', 'binance-ecosystem', 'binance-listing', 'peaq-ecosystem', 'apertum-ecosystem', 'etherlink-ecosystem', 'duckchain-ecosystem', 'onus-ecosystem', 'zedxion-smart-chain-ecosystem']",Data inaccessible by API,167150540379.7628,169734252948.3468,True,Data inaccessible by API,4.0,Data inaccessible by API,Data inaccessible by API,Data inaccessible by API,2025-08-25T18:19:00.000Z,0.9998080510895575,176683487329.41046,75.0911,-0.0134998,0.01817032,-0.06971634,-0.06339671,-0.0474185,-0.05482117,167118456015.657,4.3072,169701672643.43,Data inaccessible by API,2025-08-25T18:19:00.000Z,1027.0,Ethereum,ETH,ethereum,0xdac17f958d2ee523a2206206994597c13d831ec7,2025-08-25 23:51:02.614764,Data inaccessible by API
1839,BNB,BNB,bnb,2679,2017-07-25T00:00:00.000Z,"['marketplace', 'centralized-exchange', 'payments', 'smart-contracts', 'alameda-research-portfolio', 'multicoin-capital-portfolio', 'bnb-chain-ecosystem', 'layer-1', 'alleged-sec-securities', 'celsius-bankruptcy-estate', 'binance-ecosystem', 'binance-listing']",Data inaccessible by API,139287301.16,139287301.16,False,Data inaccessible by API,5.0,Data inaccessible by API,Data inaccessible by API,Data inaccessible by API,2025-08-25T18:19:00.000Z,865.9731340617982,3235900471.097295,32.306,0.36149357,-1.18566414,2.61033229,11.01200831,33.94645287,25.38730304,120619060720.53471,3.1088,120619060720.53,Data inaccessible by API,2025-08-25T18:19:00.000Z,Data inaccessible by API,Data inaccessible by API,Data inaccessible by API,Data inaccessible by API,Data inaccessible by API,2025-08-25 23:51:02.614764,Data inaccessible by API
5426,Solana,SOL,solana,974,2020-04-10T00:00:00.000Z,"['pos', 'platform', 'solana-ecosystem', 'cms-holdings-portfolio', 'kenetic-capital-portfolio', 'alameda-research-portfolio', 'multicoin-capital-portfolio', 'okx-ventures-portfolio', 'layer-1', 'ftx-bankruptcy-estate', 'alleged-sec-securities', 'cmc-crypto-awards-2024', 'made-in-america', 'us-strategic-crypto-reserve', 'binance-ecosystem', 'binance-listing']",Data inaccessible by API,540561082.0499785,608331495.1255546,True,Data inaccessible by API,6.0,525236893.3,103713626840.1863,Data inaccessible by API,2025-08-25T18:19:00.000Z,197.46066615497264,13686402517.571934,71.4684,0.79383325,-5.95530884,7.54583927,6.49950477,38.87510677,10.28648783,106739551359.04158,2.7511,120121542270.54,Data inaccessible by API,2025-08-25T18:19:00.000Z,Data inaccessible by API,Data inaccessible by API,Data inaccessible by API,Data inaccessible by API,Data inaccessible by API,2025-08-25 23:51:02.614764,Data inaccessible by API
3408,USDC,USDC,usd-coin,30822,2018-10-08T00:00:00.000Z,"['medium-of-exchange', 'stablecoin', 'asset-backed-stablecoin', 'coinbase-ventures-portfolio', 'usd-stablecoin', 'fiat-stablecoin', 'tron20-ecosystem', 'made-in-america', 'world-liberty-financial-portfolio', 'sonic-ecosystem', 'binance-ecosystem', 'binance-listing', 'etherlink-ecosystem', 'unichain-ecosystem', 'vector-smart-chain-ecosystem']",Data inaccessible by API,67504412298.46424,67504412298.46424,False,Data inaccessible by API,7.0,60901219650.23,60894110858.524864,Data inaccessible by API,2025-08-25T18:19:00.000Z,0.9998832734098599,24553831690.68699,134.0358,-0.00524431,0.00938892,0.00103396,-0.00607555,0.00186148,0.01731717,67496532738.59723,1.7396,67496532738.6,Data inaccessible by API,2025-08-25T18:19:00.000Z,1027.0,Ethereum,ETH,ethereum,0xa0b86991c6218b36c1d19d4a2e9eb0ce3606eb48,2025-08-25 23:51:02.614764,Data inaccessible by API
1958,TRON,TRX,tron,1216,2017-09-13T00:00:00.000Z,"['media', 'payments', 'tron-ecosystem', 'layer-1', 'dwf-labs-portfolio', 'alleged-sec-securities', '2017-2018-alt-season', 'tron20-ecosystem', 'world-liberty-financial-portfolio', 'binance-ecosystem', 'binance-listing']",Data inaccessible by API,94666051137.35909,94666056334.36154,True,Data inaccessible by API,8.0,71659659264.0,25149797334.63568,Data inaccessible by API,2025-08-25T18:20:00.000Z,0.350961720903274,1869607253.057523,141.8236,-0.0780911,-4.57966857,0.58303159,10.00217266,29.60696441,27.51417464,33224160218.28488,0.8563,33224162042.23,Data inaccessible by API,2025-08-25T18:20:00.000Z,Data inaccessible by API,Data inaccessible by API,Data inaccessible by API,Data inaccessible by API,Data inaccessible by API,2025-08-25 23:51:02.614764,Data inaccessible by API
74,Dogecoin,DOGE,dogecoin,1276,2013-12-15T00:00:00.000Z,"['mineable', 'pow', 'scrypt', 'medium-of-exchange', 'memes', 'payments', 'doggone-doggerel', 'osmosis-ecosystem', 'ftx-bankruptcy-estate', 'animal-memes', 'made-in-america', 'binance-ecosystem', 'binance-listing']",Data inaccessible by API,150667646383.70523,150667646383.70523,True,Data inaccessible by API,9.0,Data inaccessible by API,Data inaccessible by API,Data inaccessible by API,2025-08-25T18:19:00.000Z,0.21851413412529505,4063169900.0291786,124.069,0.37807957,-7.80296518,-1.84167819,-7.10243916,36.15480013,-4.77736389,32923010290.23149,0.8485,32923010290.23,Data inaccessible by API,2025-08-25T18:19:00.000Z,Data inaccessible by API,Data inaccessible by API,Data inaccessible by API,Data inaccessible by API,Data inaccessible by API,2025-08-25 23:51:02.614764,Data inaccessible by API
2010,Cardano,ADA,cardano,1567,2017-10-01T00:00:00.000Z,"['dpos', 'pos', 'platform', 'research', 'smart-contracts', 'staking', 'cardano-ecosystem', 'cardano', 'layer-1', 'alleged-sec-securities', '2017-2018-alt-season', 'made-in-america', 'us-strategic-crypto-reserve', 'binance-ecosystem', 'binance-listing']",45000000000.0,35724891762.85982,44994674679.3984,False,Data inaccessible by API,10.0,37997904336.0,33106997651.81645,Data inaccessible by API,2025-08-25T18:19:00.000Z,0.8712848308439526,2942717360.921645,148.8212,0.68086754,-5.60359358,-5.13047374,5.6723223,56.47194661,12.93628382,31126556276.52183,0.8022,39207817387.98,Data inaccessible by API,2025-08-25T18:19:00.000Z,Data inaccessible by API,Data inaccessible by API,Data inaccessible by API,Data inaccessible by API,Data inaccessible by API,2025-08-25 23:51:02.614764,Data inaccessible by API
1975,Chainlink,LINK,chainlink,2069,2017-09-20T00:00:00.000Z,"['platform', 'defi', 'interoperability', 'oracles', 'smart-contracts', 'ethereum-ecosystem', 'polkadot', 'heco-ecosystem', 'avalanche-ecosystem', 'solana-ecosystem', 'framework-ventures-portfolio', 'polygon-ecosystem', 'fantom-ecosystem', 'cardano-ecosystem', 'terra-ecosystem', 'web3', 'near-protocol-ecosystem', 'arbitrum-ecosystem', 'cross-chain', 'cardano', 'injective-ecosystem', 'bnb-chain-ecosystem', 'optimism-ecosystem', 'real-world-assets-protocols', 'gnosis-chain-ecosystem', 'sora-ecosystem', 'hoo-smart-chain-ecosystem', 'milkomeda-ecosystem', 'energi-ecosystem', 'made-in-america', 'world-liberty-financial-portfolio', 'binance-ecosystem', 'binance-listing', 'robotics']",1000000000.0,678099970.4527867,1000000000.0,False,Data inaccessible by API,11.0,Data inaccessible by API,Data inaccessible by API,Data inaccessible by API,2025-08-25T18:19:00.000Z,24.401031626572387,2241310252.162795,97.6603,-0.09690837,-6.6328802,-2.808563,33.65148401,85.88975897,51.96402771,16546338824.996248,0.4265,24401031626.57,Data inaccessible by API,2025-08-25T18:19:00.000Z,1027.0,Ethereum,ETH,ethereum,0x514910771af9ca656af840dff83e8264ecf986ca,2025-08-25 23:51:02.614764,Data inaccessible by API
32196,Hyperliquid,HYPE,hyperliquid,135,2024-07-15T10:14:50.000Z,"['decentralized-exchange-dex-token', 'defi', 'derivatives', 'layer-1', 'hyperliquid-ecosystem', 'binance-ecosystem', 'binance-listing']",1000000000.0,333928180.0,999993930.0,False,Data inaccessible by API,12.0,333931719.0,15211329232.360886,Data inaccessible by API,2025-08-25T18:20:00.000Z,45.55221432067939,371349130.1350581,160.8943,-0.4368611,-0.18616629,2.9511575,4.08663774,24.4901391,21.22613385,15211168023.074406,0.392,45552214320.68,Data inaccessible by API,2025-08-25T18:20:00.000Z,32196.0,Hyperliquid,HYPE,hyperliquid,0x0d01dc56dcaaca66ad901c959b4011ec,2025-08-25 23:51:02.614764,Data inaccessible by API
512,Stellar,XLM,stellar,741,2014-08-05T00:00:00.000Z,"['medium-of-exchange', 'enterprise-solutions', 'decentralized-exchange-dex-token', 'defi', 'smart-contracts', 'hashkey-capital-portfolio', 'real-world-assets-protocols', '2017-2018-alt-season', 'made-in-america', 'binance-ecosystem', 'binance-listing']",50001806812.0,31351078630.242718,50001786889.0645,False,Data inaccessible by API,13.0,31531408660.0,12403849832.35608,Data inaccessible by API,2025-08-25T18:20:00.000Z,0.39338077045987835,408351334.4551018,103.34,0.44651775,-5.37050998,-4.38277974,-9.83422876,67.1939395,35.53967673,12332911466.313108,0.3179,19669749288.09,Data inaccessible by API,2025-08-25T18:20:00.000Z,Data inaccessible by API,Data inaccessible by API,Data inaccessible by API,Data inaccessible by API,Data inaccessible by API,2025-08-25 23:51:02.614764,Data inaccessible by API
20947,Sui,SUI,sui,750,2022-07-12T08:03:11.000Z,"['binance-launchpool', 'coinbase-ventures-portfolio', 'binance-labs-portfolio', 'electric-capital-portfolio', 'a16z-portfolio', 'sui-ecosystem', 'layer-1', 'move-vm', 'cmc-crypto-yearbook-2024-2025', 'made-in-america', 'world-liberty-financial-portfolio', 'binance-ecosystem', 'binance-listing']",10000000000.0,3511924479.5699987,10000000000.0,False,Data inaccessible by API,14.0,3511924479.57,12151611276.52995,Data inaccessible by API,2025-08-25T18:20:00.000Z,3.4601003943051167,2083290097.68623,120.1101,0.5074408,-7.59169153,-4.18067363,-17.8596953,32.08438996,-6.31985543,12151611276.529943,0.3131,34601003943.05,Data inaccessible by API,2025-08-25T18:20:00.000Z,Data inaccessible by API,Data inaccessible by API,Data inaccessible by API,Data inaccessible by API,Data inaccessible by API,2025-08-25 23:51:02.614764,Data inaccessible by API
29470,Ethena USDe,USDe,ethena-usde,200,2024-02-20T11:05:01.000Z,"['stablecoin', 'asset-backed-stablecoin', 'binance-labs-portfolio', 'dragonfly-capital-portfolio', 'usd-stablecoin', 'eigenlayer-ecosystem', 'binance-ecosystem']",Data inaccessible by API,12097203044.913414,12097203044.913414,True,Data inaccessible by API,15.0,Data inaccessible by API,Data inaccessible by API,Data inaccessible by API,2025-08-25T18:19:00.000Z,1.0004100405745349,313012893.296134,100.3594,-0.01507187,0.01185946,-0.09161941,-0.06027021,0.05344891,-0.02574967,12102163389.000216,0.3119,12102163389.0,Data inaccessible by API,2025-08-25T18:19:00.000Z,1027.0,Ethereum,ETH,ethereum,0x4c9edd5852cd905f086c759e8383e09bff1e68b3,2025-08-25 23:51:02.614764,Data inaccessible by API
1,Bitcoin,BTC,bitcoin,12290,2010-07-13T00:00:00.000Z,"['mineable', 'pow', 'sha-256', 'store-of-value', 'state-channel', 'coinbase-ventures-portfolio', 'three-arrows-capital-portfolio', 'polychain-capital-portfolio', 'binance-labs-portfolio', 'blockchain-capital-portfolio', 'boostvc-portfolio', 'cms-holdings-portfolio', 'dcg-portfolio', 'dragonfly-capital-portfolio', 'electric-capital-portfolio', 'fabric-ventures-portfolio', 'framework-ventures-portfolio', 'galaxy-digital-portfolio', 'huobi-capital-portfolio', 'alameda-research-portfolio', 'a16z-portfolio', '1confirmation-portfolio', 'winklevoss-capital-portfolio', 'usv-portfolio', 'placeholder-ventures-portfolio', 'pantera-capital-portfolio', 'multicoin-capital-portfolio', 'paradigm-portfolio', 'bitcoin-ecosystem', 'layer-1', 'ftx-bankruptcy-estate', '2017-2018-alt-season', 'us-strategic-crypto-reserve', 'binance-ecosystem', 'binance-listing']",21000000.0,19911421.0,19911421.0,False,Data inaccessible by API,1.0,Data inaccessible by API,Data inaccessible by API,Data inaccessible by API,2025-08-25T18:24:00.000Z,112540.58730127988,87937361578.92784,64.4676,0.00252101,-1.91441929,-3.35976172,-4.67430845,4.77977166,2.13527879,2240843013343.0376,57.7493,2363352333326.88,Data inaccessible by API,2025-08-25T18:24:00.000Z,Data inaccessible by API,Data inaccessible by API,Data inaccessible by API,Data inaccessible by API,Data inaccessible by API,2025-08-25 23:54:41.037884,Data inaccessible by API
1027,Ethereum,ETH,ethereum,10469,2015-08-07T00:00:00.000Z,"['pos', 'smart-contracts', 'ethereum-ecosystem', 'coinbase-ventures-portfolio', 'three-arrows-capital-portfolio', 'polychain-capital-portfolio', 'binance-labs-portfolio', 'blockchain-capital-portfolio', 'boostvc-portfolio', 'cms-holdings-portfolio', 'dcg-portfolio', 'dragonfly-capital-portfolio', 'electric-capital-portfolio', 'fabric-ventures-portfolio', 'framework-ventures-portfolio', 'hashkey-capital-portfolio', 'kenetic-capital-portfolio', 'huobi-capital-portfolio', 'alameda-research-portfolio', 'a16z-portfolio', '1confirmation-portfolio', 'winklevoss-capital-portfolio', 'usv-portfolio', 'placeholder-ventures-portfolio', 'pantera-capital-portfolio', 'multicoin-capital-portfolio', 'paradigm-portfolio', 'layer-1', 'ftx-bankruptcy-estate', 'sora-ecosystem', 'rsk-rbtc-ecosystem', 'world-liberty-financial-portfolio', 'us-strategic-crypto-reserve', 'binance-ecosystem', 'binance-listing']",Data inaccessible by API,120707098.1711658,120707098.1711658,True,Data inaccessible by API,2.0,Data inaccessible by API,Data inaccessible by API,Data inaccessible by API,2025-08-25T18:24:00.000Z,4587.904240132192,64894054314.26584,89.9139,0.15237348,-7.05154597,5.62442064,23.11529054,88.75734415,70.60112349,553792607513.5443,14.2719,553792607513.54,Data inaccessible by API,2025-08-25T18:24:00.000Z,Data inaccessible by API,Data inaccessible by API,Data inaccessible by API,Data inaccessible by API,Data inaccessible by API,2025-08-25 23:54:41.037884,Data inaccessible by API
52,XRP,XRP,xrp,1681,2013-08-04T00:00:00.000Z,"['medium-of-exchange', 'enterprise-solutions', 'xrp-ecosystem', 'arrington-xrp-capital-portfolio', 'galaxy-digital-portfolio', 'a16z-portfolio', 'pantera-capital-portfolio', 'ftx-bankruptcy-estate', '2017-2018-alt-season', 'klaytn-ecosystem', 'made-in-america', 'us-strategic-crypto-reserve', 'binance-ecosystem', 'binance-listing']",100000000000.0,59482264023.0,99985819185.0,False,Data inaccessible by API,3.0,Data inaccessible by API,Data inaccessible by API,Data inaccessible by API,2025-08-25T18:24:00.000Z,2.9592518899857114,7912193695.658674,105.7338,0.53810808,-3.63774321,-3.09021304,-6.47869436,39.56312657,26.43867424,176023002230.69183,4.5363,295925188998.57,Data inaccessible by API,2025-08-25T18:24:00.000Z,Data inaccessible by API,Data inaccessible by API,Data inaccessible by API,Data inaccessible by API,Data inaccessible by API,2025-08-25 23:54:41.037884,Data inaccessible by API
825,Tether USDt,USDT,tether,142641,2015-02-25T00:00:00.000Z,"['stablecoin', 'asset-backed-stablecoin', 'usd-stablecoin', 'fiat-stablecoin', 'tron20-ecosystem', 'rsk-rbtc-ecosystem', 'world-liberty-financial-portfolio', 'binance-ecosystem', 'binance-listing', 'peaq-ecosystem', 'apertum-ecosystem', 'etherlink-ecosystem', 'duckchain-ecosystem', 'onus-ecosystem', 'zedxion-smart-chain-ecosystem']",Data inaccessible by API,167150540379.7628,169734252948.3468,True,Data inaccessible by API,4.0,Data inaccessible by API,Data inaccessible by API,Data inaccessible by API,2025-08-25T18:23:00.000Z,1.0001972871457667,176977844931.64667,74.2341,0.01856134,0.05598826,-0.01636364,-0.01872749,-0.01576588,-0.0183335,167183517032.7877,4.3085,169767739334.65,Data inaccessible by API,2025-08-25T18:23:00.000Z,1027.0,Ethereum,ETH,ethereum,0xdac17f958d2ee523a2206206994597c13d831ec7,2025-08-25 23:54:41.037884,Data inaccessible by API
1839,BNB,BNB,bnb,2679,2017-07-25T00:00:00.000Z,"['marketplace', 'centralized-exchange', 'payments', 'smart-contracts', 'alameda-research-portfolio', 'multicoin-capital-portfolio', 'bnb-chain-ecosystem', 'layer-1', 'alleged-sec-securities', 'celsius-bankruptcy-estate', 'binance-ecosystem', 'binance-listing']",Data inaccessible by API,139287301.16,139287301.16,False,Data inaccessible by API,5.0,Data inaccessible by API,Data inaccessible by API,Data inaccessible by API,2025-08-25T18:23:00.000Z,866.0737840861487,3233969161.219967,31.9144,0.25824617,-1.31552248,2.62259093,10.96900428,33.98646712,25.45755392,120633079990.7882,3.1089,120633079990.79,Data inaccessible by API,2025-08-25T18:23:00.000Z,Data inaccessible by API,Data inaccessible by API,Data inaccessible by API,Data inaccessible by API,Data inaccessible by API,2025-08-25 23:54:41.037884,Data inaccessible by API
5426,Solana,SOL,solana,974,2020-04-10T00:00:00.000Z,"['pos', 'platform', 'solana-ecosystem', 'cms-holdings-portfolio', 'kenetic-capital-portfolio', 'alameda-research-portfolio', 'multicoin-capital-portfolio', 'okx-ventures-portfolio', 'layer-1', 'ftx-bankruptcy-estate', 'alleged-sec-securities', 'cmc-crypto-awards-2024', 'made-in-america', 'us-strategic-crypto-reserve', 'binance-ecosystem', 'binance-listing']",Data inaccessible by API,540561082.0499785,608331495.1255546,True,Data inaccessible by API,6.0,525236893.3,103827011941.54272,Data inaccessible by API,2025-08-25T18:23:00.000Z,197.6765403686899,13997114697.573618,74.4453,0.76855433,-5.85863143,7.68907498,6.49113752,39.10631055,10.50059612,106856244557.59526,2.7538,120252865353.73,Data inaccessible by API,2025-08-25T18:23:00.000Z,Data inaccessible by API,Data inaccessible by API,Data inaccessible by API,Data inaccessible by API,Data inaccessible by API,2025-08-25 23:54:41.037884,Data inaccessible by API
3408,USDC,USDC,usd-coin,30822,2018-10-08T00:00:00.000Z,"['medium-of-exchange', 'stablecoin', 'asset-backed-stablecoin', 'coinbase-ventures-portfolio', 'usd-stablecoin', 'fiat-stablecoin', 'tron20-ecosystem', 'made-in-america', 'world-liberty-financial-portfolio', 'sonic-ecosystem', 'binance-ecosystem', 'binance-listing', 'etherlink-ecosystem', 'unichain-ecosystem', 'vector-smart-chain-ecosystem']",Data inaccessible by API,67504412298.46424,67504412298.46424,False,Data inaccessible by API,7.0,60901219650.23,60898862251.607925,Data inaccessible by API,2025-08-25T18:24:00.000Z,0.9999612914382402,24165034799.93356,122.2224,-0.00365279,-0.00434761,0.01284211,0.01103277,0.00885391,0.01432791,67501799299.751724,1.7396,67501799299.75,Data inaccessible by API,2025-08-25T18:24:00.000Z,1027.0,Ethereum,ETH,ethereum,0xa0b86991c6218b36c1d19d4a2e9eb0ce3606eb48,2025-08-25 23:54:41.037884,Data inaccessible by API
1958,TRON,TRX,tron,1216,2017-09-13T00:00:00.000Z,"['media', 'payments', 'tron-ecosystem', 'layer-1', 'dwf-labs-portfolio', 'alleged-sec-securities', '2017-2018-alt-season', 'tron20-ecosystem', 'world-liberty-financial-portfolio', 'binance-ecosystem', 'binance-listing']",Data inaccessible by API,94666051137.35909,94666056334.36154,True,Data inaccessible by API,8.0,71659659264.0,25170008393.28522,Data inaccessible by API,2025-08-25T18:24:00.000Z,0.35124376325258355,1880601917.603036,142.6812,0.00721996,-4.52326761,0.65924074,10.12860702,29.6034258,27.60391201,33250860053.747524,0.8569,33250861879.16,Data inaccessible by API,2025-08-25T18:24:00.000Z,Data inaccessible by API,Data inaccessible by API,Data inaccessible by API,Data inaccessible by API,Data inaccessible by API,2025-08-25 23:54:41.037884,Data inaccessible by API
74,Dogecoin,DOGE,dogecoin,1276,2013-12-15T00:00:00.000Z,"['mineable', 'pow', 'scrypt', 'medium-of-exchange', 'memes', 'payments', 'doggone-doggerel', 'osmosis-ecosystem', 'ftx-bankruptcy-estate', 'animal-memes', 'made-in-america', 'binance-ecosystem', 'binance-listing']",Data inaccessible by API,150667646383.70523,150667646383.70523,True,Data inaccessible by API,9.0,Data inaccessible by API,Data inaccessible by API,Data inaccessible by API,2025-08-25T18:23:00.000Z,0.2186608288055377,4053206013.968215,121.7621,0.30124365,-7.92145508,-1.77729286,-7.2028548,36.30784172,-4.57601149,32945112432.44066,0.849,32945112432.44,Data inaccessible by API,2025-08-25T18:23:00.000Z,Data inaccessible by API,Data inaccessible by API,Data inaccessible by API,Data inaccessible by API,Data inaccessible by API,2025-08-25 23:54:41.037884,Data inaccessible by API
2010,Cardano,ADA,cardano,1567,2017-10-01T00:00:00.000Z,"['dpos', 'pos', 'platform', 'research', 'smart-contracts', 'staking', 'cardano-ecosystem', 'cardano', 'layer-1', 'alleged-sec-securities', '2017-2018-alt-season', 'made-in-america', 'us-strategic-crypto-reserve', 'binance-ecosystem', 'binance-listing']",45000000000.0,35724891762.85982,44994674679.3984,False,Data inaccessible by API,10.0,37997904336.0,33124729536.485447,Data inaccessible by API,2025-08-25T18:23:00.000Z,0.8717514851234149,2939395164.5886784,146.9881,0.55418693,-5.77662739,-5.00090177,5.71726868,56.54851987,13.10646404,31143227450.146297,0.8026,39228816830.55,Data inaccessible by API,2025-08-25T18:23:00.000Z,Data inaccessible by API,Data inaccessible by API,Data inaccessible by API,Data inaccessible by API,Data inaccessible by API,2025-08-25 23:54:41.037884,Data inaccessible by API
1975,Chainlink,LINK,chainlink,2069,2017-09-20T00:00:00.000Z,"['platform', 'defi', 'interoperability', 'oracles', 'smart-contracts', 'ethereum-ecosystem', 'polkadot', 'heco-ecosystem', 'avalanche-ecosystem', 'solana-ecosystem', 'framework-ventures-portfolio', 'polygon-ecosystem', 'fantom-ecosystem', 'cardano-ecosystem', 'terra-ecosystem', 'web3', 'near-protocol-ecosystem', 'arbitrum-ecosystem', 'cross-chain', 'cardano', 'injective-ecosystem', 'bnb-chain-ecosystem', 'optimism-ecosystem', 'real-world-assets-protocols', 'gnosis-chain-ecosystem', 'sora-ecosystem', 'hoo-smart-chain-ecosystem', 'milkomeda-ecosystem', 'energi-ecosystem', 'made-in-america', 'world-liberty-financial-portfolio', 'binance-ecosystem', 'binance-listing', 'robotics']",1000000000.0,678099970.4527867,1000000000.0,False,Data inaccessible by API,11.0,Data inaccessible by API,Data inaccessible by API,Data inaccessible by API,2025-08-25T18:24:00.000Z,24.39811334259372,2237485146.088023,93.0149,-0.21172751,-6.84600398,-2.93443391,33.18297436,85.93237659,52.23632985,16544359936.716543,0.4264,24398113342.59,Data inaccessible by API,2025-08-25T18:24:00.000Z,1027.0,Ethereum,ETH,ethereum,0x514910771af9ca656af840dff83e8264ecf986ca,2025-08-25 23:54:41.037884,Data inaccessible by API
32196,Hyperliquid,HYPE,hyperliquid,135,2024-07-15T10:14:50.000Z,"['decentralized-exchange-dex-token', 'defi', 'derivatives', 'layer-1', 'hyperliquid-ecosystem', 'binance-ecosystem', 'binance-listing']",1000000000.0,333928180.0,999993930.0,False,Data inaccessible by API,12.0,333931719.0,15218237907.808395,Data inaccessible by API,2025-08-25T18:23:00.000Z,45.57290320722242,371240478.8680316,160.1436,-0.50580694,-0.31757516,2.99041939,4.15634701,24.59368659,21.23682369,15218076625.303946,0.3922,45572903207.22,Data inaccessible by API,2025-08-25T18:23:00.000Z,32196.0,Hyperliquid,HYPE,hyperliquid,0x0d01dc56dcaaca66ad901c959b4011ec,2025-08-25 23:54:41.037884,Data inaccessible by API
512,Stellar,XLM,stellar,741,2014-08-05T00:00:00.000Z,"['medium-of-exchange', 'enterprise-solutions', 'decentralized-exchange-dex-token', 'defi', 'smart-contracts', 'hashkey-capital-portfolio', 'real-world-assets-protocols', '2017-2018-alt-season', 'made-in-america', 'binance-ecosystem', 'binance-listing']",50001806812.0,31351078630.242718,50001786889.0645,False,Data inaccessible by API,13.0,31531408660.0,12398554167.66333,Data inaccessible by API,2025-08-25T18:24:00.000Z,0.3932128215823051,407461999.87311786,100.4887,0.25472012,-5.62097715,-4.60562982,-9.94575098,67.08946061,35.70500905,12327646087.846443,0.3177,19661351540.76,Data inaccessible by API,2025-08-25T18:24:00.000Z,Data inaccessible by API,Data inaccessible by API,Data inaccessible by API,Data inaccessible by API,Data inaccessible by API,2025-08-25 23:54:41.037884,Data inaccessible by API
20947,Sui,SUI,sui,750,2022-07-12T08:03:11.000Z,"['binance-launchpool', 'coinbase-ventures-portfolio', 'binance-labs-portfolio', 'electric-capital-portfolio', 'a16z-portfolio', 'sui-ecosystem', 'layer-1', 'move-vm', 'cmc-crypto-yearbook-2024-2025', 'made-in-america', 'world-liberty-financial-portfolio', 'binance-ecosystem', 'binance-listing']",10000000000.0,3511924479.5699987,10000000000.0,False,Data inaccessible by API,14.0,3511924479.57,12151793812.30043,Data inaccessible by API,2025-08-25T18:24:00.000Z,3.4601523703004844,2077225077.695905,116.917,0.38833011,-7.830574,-4.30829771,-17.8395014,32.25695068,-6.18987466,12151793812.300426,0.3132,34601523703.0,Data inaccessible by API,2025-08-25T18:24:00.000Z,Data inaccessible by API,Data inaccessible by API,Data inaccessible by API,Data inaccessible by API,Data inaccessible by API,2025-08-25 23:54:41.037884,Data inaccessible by API
29470,Ethena USDe,USDe,ethena-usde,200,2024-02-20T11:05:01.000Z,"['stablecoin', 'asset-backed-stablecoin', 'binance-labs-portfolio', 'dragonfly-capital-portfolio', 'usd-stablecoin', 'eigenlayer-ecosystem', 'binance-ecosystem']",Data inaccessible by API,12097203044.913414,12097203044.913414,True,Data inaccessible by API,15.0,Data inaccessible by API,Data inaccessible by API,Data inaccessible by API,2025-08-25T18:23:00.000Z,1.0004583399232323,313124546.1628155,99.1315,-0.0087399,-0.00335067,-0.05989658,-0.0668602,0.06095399,-0.02763361,12102747676.028343,0.3119,12102747676.03,Data inaccessible by API,2025-08-25T18:23:00.000Z,1027.0,Ethereum,ETH,ethereum,0x4c9edd5852cd905f086c759e8383e09bff1e68b3,2025-08-25 23:54:41.037884,Data inaccessible by API
1,Bitcoin,BTC,bitcoin,12290,2010-07-13T00:00:00.000Z,"['mineable', 'pow', 'sha-256', 'store-of-value', 'state-channel', 'coinbase-ventures-portfolio', 'three-arrows-capital-portfolio', 'polychain-capital-portfolio', 'binance-labs-portfolio', 'blockchain-capital-portfolio', 'boostvc-portfolio', 'cms-holdings-portfolio', 'dcg-portfolio', 'dragonfly-capital-portfolio', 'electric-capital-portfolio', 'fabric-ventures-portfolio', 'framework-ventures-portfolio', 'galaxy-digital-portfolio', 'huobi-capital-portfolio', 'alameda-research-portfolio', 'a16z-portfolio', '1confirmation-portfolio', 'winklevoss-capital-portfolio', 'usv-portfolio', 'placeholder-ventures-portfolio', 'pantera-capital-portfolio', 'multicoin-capital-portfolio', 'paradigm-portfolio', 'bitcoin-ecosystem', 'layer-1', 'ftx-bankruptcy-estate', '2017-2018-alt-season', 'us-strategic-crypto-reserve', 'binance-ecosystem', 'binance-listing']",21000000.0,19911421.0,19911421.0,False,Data inaccessible by API,1.0,Data inaccessible by API,Data inaccessible by API,Data inaccessible by API,2025-08-25T18:24:00.000Z,112540.58730127988,87937361578.92784,64.4676,0.00252101,-1.91441929,-3.35976172,-4.67430845,4.77977166,2.13527879,2240843013343.0376,57.7493,2363352333326.88,Data inaccessible by API,2025-08-25T18:24:00.000Z,Data inaccessible by API,Data inaccessible by API,Data inaccessible by API,Data inaccessible by API,Data inaccessible by API,2025-08-25 23:55:42.164836,Data inaccessible by API
1027,Ethereum,ETH,ethereum,10469,2015-08-07T00:00:00.000Z,"['pos', 'smart-contracts', 'ethereum-ecosystem', 'coinbase-ventures-portfolio', 'three-arrows-capital-portfolio', 'polychain-capital-portfolio', 'binance-labs-portfolio', 'blockchain-capital-portfolio', 'boostvc-portfolio', 'cms-holdings-portfolio', 'dcg-portfolio', 'dragonfly-capital-portfolio', 'electric-capital-portfolio', 'fabric-ventures-portfolio', 'framework-ventures-portfolio', 'hashkey-capital-portfolio', 'kenetic-capital-portfolio', 'huobi-capital-portfolio', 'alameda-research-portfolio', 'a16z-portfolio', '1confirmation-portfolio', 'winklevoss-capital-portfolio', 'usv-portfolio', 'placeholder-ventures-portfolio', 'pantera-capital-portfolio', 'multicoin-capital-portfolio', 'paradigm-portfolio', 'layer-1', 'ftx-bankruptcy-estate', 'sora-ecosystem', 'rsk-rbtc-ecosystem', 'world-liberty-financial-portfolio', 'us-strategic-crypto-reserve', 'binance-ecosystem', 'binance-listing']",Data inaccessible by API,120707098.1711658,120707098.1711658,True,Data inaccessible by API,2.0,Data inaccessible by API,Data inaccessible by API,Data inaccessible by API,2025-08-25T18:24:00.000Z,4587.904240132192,64894054314.26584,89.9139,0.15237348,-7.05154597,5.62442064,23.11529054,88.75734415,70.60112349,553792607513.5443,14.2719,553792607513.54,Data inaccessible by API,2025-08-25T18:24:00.000Z,Data inaccessible by API,Data inaccessible by API,Data inaccessible by API,Data inaccessible by API,Data inaccessible by API,2025-08-25 23:55:42.164836,Data inaccessible by API
52,XRP,XRP,xrp,1681,2013-08-04T00:00:00.000Z,"['medium-of-exchange', 'enterprise-solutions', 'xrp-ecosystem', 'arrington-xrp-capital-portfolio', 'galaxy-digital-portfolio', 'a16z-portfolio', 'pantera-capital-portfolio', 'ftx-bankruptcy-estate', '2017-2018-alt-season', 'klaytn-ecosystem', 'made-in-america', 'us-strategic-crypto-reserve', 'binance-ecosystem', 'binance-listing']",100000000000.0,59482264023.0,99985819185.0,False,Data inaccessible by API,3.0,Data inaccessible by API,Data inaccessible by API,Data inaccessible by API,2025-08-25T18:24:00.000Z,2.9592518899857114,7912193695.658674,105.7338,0.53810808,-3.63774321,-3.09021304,-6.47869436,39.56312657,26.43867424,176023002230.69183,4.5363,295925188998.57,Data inaccessible by API,2025-08-25T18:24:00.000Z,Data inaccessible by API,Data inaccessible by API,Data inaccessible by API,Data inaccessible by API,Data inaccessible by API,2025-08-25 23:55:42.164836,Data inaccessible by API
825,Tether USDt,USDT,tether,142641,2015-02-25T00:00:00.000Z,"['stablecoin', 'asset-backed-stablecoin', 'usd-stablecoin', 'fiat-stablecoin', 'tron20-ecosystem', 'rsk-rbtc-ecosystem', 'world-liberty-financial-portfolio', 'binance-ecosystem', 'binance-listing', 'peaq-ecosystem', 'apertum-ecosystem', 'etherlink-ecosystem', 'duckchain-ecosystem', 'onus-ecosystem', 'zedxion-smart-chain-ecosystem']",Data inaccessible by API,167150540379.7628,169734252948.3468,True,Data inaccessible by API,4.0,Data inaccessible by API,Data inaccessible by API,Data inaccessible by API,2025-08-25T18:23:00.000Z,1.0001972871457667,176977844931.64667,74.2341,0.01856134,0.05598826,-0.01636364,-0.01872749,-0.01576588,-0.0183335,167183517032.7877,4.3085,169767739334.65,Data inaccessible by API,2025-08-25T18:23:00.000Z,1027.0,Ethereum,ETH,ethereum,0xdac17f958d2ee523a2206206994597c13d831ec7,2025-08-25 23:55:42.164836,Data inaccessible by API
1839,BNB,BNB,bnb,2679,2017-07-25T00:00:00.000Z,"['marketplace', 'centralized-exchange', 'payments', 'smart-contracts', 'alameda-research-portfolio', 'multicoin-capital-portfolio', 'bnb-chain-ecosystem', 'layer-1', 'alleged-sec-securities', 'celsius-bankruptcy-estate', 'binance-ecosystem', 'binance-listing']",Data inaccessible by API,139287301.16,139287301.16,False,Data inaccessible by API,5.0,Data inaccessible by API,Data inaccessible by API,Data inaccessible by API,2025-08-25T18:23:00.000Z,866.0737840861487,3233969161.219967,31.9144,0.25824617,-1.31552248,2.62259093,10.96900428,33.98646712,25.45755392,120633079990.7882,3.1089,120633079990.79,Data inaccessible by API,2025-08-25T18:23:00.000Z,Data inaccessible by API,Data inaccessible by API,Data inaccessible by API,Data inaccessible by API,Data inaccessible by API,2025-08-25 23:55:42.164836,Data inaccessible by API
5426,Solana,SOL,solana,974,2020-04-10T00:00:00.000Z,"['pos', 'platform', 'solana-ecosystem', 'cms-holdings-portfolio', 'kenetic-capital-portfolio', 'alameda-research-portfolio', 'multicoin-capital-portfolio', 'okx-ventures-portfolio', 'layer-1', 'ftx-bankruptcy-estate', 'alleged-sec-securities', 'cmc-crypto-awards-2024', 'made-in-america', 'us-strategic-crypto-reserve', 'binance-ecosystem', 'binance-listing']",Data inaccessible by API,540561082.0499785,608331495.1255546,True,Data inaccessible by API,6.0,525236893.3,103827011941.54272,Data inaccessible by API,2025-08-25T18:23:00.000Z,197.6765403686899,13997114697.573618,74.4453,0.76855433,-5.85863143,7.68907498,6.49113752,39.10631055,10.50059612,106856244557.59526,2.7538,120252865353.73,Data inaccessible by API,2025-08-25T18:23:00.000Z,Data inaccessible by API,Data inaccessible by API,Data inaccessible by API,Data inaccessible by API,Data inaccessible by API,2025-08-25 23:55:42.164836,Data inaccessible by API
3408,USDC,USDC,usd-coin,30822,2018-10-08T00:00:00.000Z,"['medium-of-exchange', 'stablecoin', 'asset-backed-stablecoin', 'coinbase-ventures-portfolio', 'usd-stablecoin', 'fiat-stablecoin', 'tron20-ecosystem', 'made-in-america', 'world-liberty-financial-portfolio', 'sonic-ecosystem', 'binance-ecosystem', 'binance-listing', 'etherlink-ecosystem', 'unichain-ecosystem', 'vector-smart-chain-ecosystem']",Data inaccessible by API,67504412298.46424,67504412298.46424,False,Data inaccessible by API,7.0,60901219650.23,60898862251.607925,Data inaccessible by API,2025-08-25T18:24:00.000Z,0.9999612914382402,24165034799.93356,122.2224,-0.00365279,-0.00434761,0.01284211,0.01103277,0.00885391,0.01432791,67501799299.751724,1.7396,67501799299.75,Data inaccessible by API,2025-08-25T18:24:00.000Z,1027.0,Ethereum,ETH,ethereum,0xa0b86991c6218b36c1d19d4a2e9eb0ce3606eb48,2025-08-25 23:55:42.164836,Data inaccessible by API
1958,TRON,TRX,tron,1216,2017-09-13T00:00:00.000Z,"['media', 'payments', 'tron-ecosystem', 'layer-1', 'dwf-labs-portfolio', 'alleged-sec-securities', '2017-2018-alt-season', 'tron20-ecosystem', 'world-liberty-financial-portfolio', 'binance-ecosystem', 'binance-listing']",Data inaccessible by API,94666051137.35909,94666056334.36154,True,Data inaccessible by API,8.0,71659659264.0,25170008393.28522,Data inaccessible by API,2025-08-25T18:24:00.000Z,0.35124376325258355,1880601917.603036,142.6812,0.00721996,-4.52326761,0.65924074,10.12860702,29.6034258,27.60391201,33250860053.747524,0.8569,33250861879.16,Data inaccessible by API,2025-08-25T18:24:00.000Z,Data inaccessible by API,Data inaccessible by API,Data inaccessible by API,Data inaccessible by API,Data inaccessible by API,2025-08-25 23:55:42.164836,Data inaccessible by API
74,Dogecoin,DOGE,dogecoin,1276,2013-12-15T00:00:00.000Z,"['mineable', 'pow', 'scrypt', 'medium-of-exchange', 'memes', 'payments', 'doggone-doggerel', 'osmosis-ecosystem', 'ftx-bankruptcy-estate', 'animal-memes', 'made-in-america', 'binance-ecosystem', 'binance-listing']",Data inaccessible by API,150667646383.70523,150667646383.70523,True,Data inaccessible by API,9.0,Data inaccessible by API,Data inaccessible by API,Data inaccessible by API,2025-08-25T18:23:00.000Z,0.2186608288055377,4053206013.968215,121.7621,0.30124365,-7.92145508,-1.77729286,-7.2028548,36.30784172,-4.57601149,32945112432.44066,0.849,32945112432.44,Data inaccessible by API,2025-08-25T18:23:00.000Z,Data inaccessible by API,Data inaccessible by API,Data inaccessible by API,Data inaccessible by API,Data inaccessible by API,2025-08-25 23:55:42.164836,Data inaccessible by API
2010,Cardano,ADA,cardano,1567,2017-10-01T00:00:00.000Z,"['dpos', 'pos', 'platform', 'research', 'smart-contracts', 'staking', 'cardano-ecosystem', 'cardano', 'layer-1', 'alleged-sec-securities', '2017-2018-alt-season', 'made-in-america', 'us-strategic-crypto-reserve', 'binance-ecosystem', 'binance-listing']",45000000000.0,35724891762.85982,44994674679.3984,False,Data inaccessible by API,10.0,37997904336.0,33124729536.485447,Data inaccessible by API,2025-08-25T18:23:00.000Z,0.8717514851234149,2939395164.5886784,146.9881,0.55418693,-5.77662739,-5.00090177,5.71726868,56.54851987,13.10646404,31143227450.146297,0.8026,39228816830.55,Data inaccessible by API,2025-08-25T18:23:00.000Z,Data inaccessible by API,Data inaccessible by API,Data inaccessible by API,Data inaccessible by API,Data inaccessible by API,2025-08-25 23:55:42.164836,Data inaccessible by API
1975,Chainlink,LINK,chainlink,2069,2017-09-20T00:00:00.000Z,"['platform', 'defi', 'interoperability', 'oracles', 'smart-contracts', 'ethereum-ecosystem', 'polkadot', 'heco-ecosystem', 'avalanche-ecosystem', 'solana-ecosystem', 'framework-ventures-portfolio', 'polygon-ecosystem', 'fantom-ecosystem', 'cardano-ecosystem', 'terra-ecosystem', 'web3', 'near-protocol-ecosystem', 'arbitrum-ecosystem', 'cross-chain', 'cardano', 'injective-ecosystem', 'bnb-chain-ecosystem', 'optimism-ecosystem', 'real-world-assets-protocols', 'gnosis-chain-ecosystem', 'sora-ecosystem', 'hoo-smart-chain-ecosystem', 'milkomeda-ecosystem', 'energi-ecosystem', 'made-in-america', 'world-liberty-financial-portfolio', 'binance-ecosystem', 'binance-listing', 'robotics']",1000000000.0,678099970.4527867,1000000000.0,False,Data inaccessible by API,11.0,Data inaccessible by API,Data inaccessible by API,Data inaccessible by API,2025-08-25T18:24:00.000Z,24.39811334259372,2237485146.088023,93.0149,-0.21172751,-6.84600398,-2.93443391,33.18297436,85.93237659,52.23632985,16544359936.716543,0.4264,24398113342.59,Data inaccessible by API,2025-08-25T18:24:00.000Z,1027.0,Ethereum,ETH,ethereum,0x514910771af9ca656af840dff83e8264ecf986ca,2025-08-25 23:55:42.164836,Data inaccessible by API
32196,Hyperliquid,HYPE,hyperliquid,135,2024-07-15T10:14:50.000Z,"['decentralized-exchange-dex-token', 'defi', 'derivatives', 'layer-1', 'hyperliquid-ecosystem', 'binance-ecosystem', 'binance-listing']",1000000000.0,333928180.0,999993930.0,False,Data inaccessible by API,12.0,333931719.0,15218237907.808395,Data inaccessible by API,2025-08-25T18:23:00.000Z,45.57290320722242,371240478.8680316,160.1436,-0.50580694,-0.31757516,2.99041939,4.15634701,24.59368659,21.23682369,15218076625.303946,0.3922,45572903207.22,Data inaccessible by API,2025-08-25T18:23:00.000Z,32196.0,Hyperliquid,HYPE,hyperliquid,0x0d01dc56dcaaca66ad901c959b4011ec,2025-08-25 23:55:42.164836,Data inaccessible by API
512,Stellar,XLM,stellar,741,2014-08-05T00:00:00.000Z,"['medium-of-exchange', 'enterprise-solutions', 'decentralized-exchange-dex-token', 'defi', 'smart-contracts', 'hashkey-capital-portfolio', 'real-world-assets-protocols', '2017-2018-alt-season', 'made-in-america', 'binance-ecosystem', 'binance-listing']",50001806812.0,31351078630.242718,50001786889.0645,False,Data inaccessible by API,13.0,31531408660.0,12398554167.66333,Data inaccessible by API,2025-08-25T18:24:00.000Z,0.3932128215823051,407461999.87311786,100.4887,0.25472012,-5.62097715,-4.60562982,-9.94575098,67.08946061,35.70500905,12327646087.846443,0.3177,19661351540.76,Data inaccessible by API,2025-08-25T18:24:00.000Z,Data inaccessible by API,Data inaccessible by API,Data inaccessible by API,Data inaccessible by API,Data inaccessible by API,2025-08-25 23:55:42.164836,Data inaccessible by API
20947,Sui,SUI,sui,750,2022-07-12T08:03:11.000Z,"['binance-launchpool', 'coinbase-ventures-portfolio', 'binance-labs-portfolio', 'electric-capital-portfolio', 'a16z-portfolio', 'sui-ecosystem', 'layer-1', 'move-vm', 'cmc-crypto-yearbook-2024-2025', 'made-in-america', 'world-liberty-financial-portfolio', 'binance-ecosystem', 'binance-listing']",10000000000.0,3511924479.5699987,10000000000.0,False,Data inaccessible by API,14.0,3511924479.57,12151793812.30043,Data inaccessible by API,2025-08-25T18:24:00.000Z,3.4601523703004844,2077225077.695905,116.917,0.38833011,-7.830574,-4.30829771,-17.8395014,32.25695068,-6.18987466,12151793812.300426,0.3132,34601523703.0,Data inaccessible by API,2025-08-25T18:24:00.000Z,Data inaccessible by API,Data inaccessible by API,Data inaccessible by API,Data inaccessible by API,Data inaccessible by API,2025-08-25 23:55:42.164836,Data inaccessible by API
29470,Ethena USDe,USDe,ethena-usde,200,2024-02-20T11:05:01.000Z,"['stablecoin', 'asset-backed-stablecoin', 'binance-labs-portfolio', 'dragonfly-capital-portfolio', 'usd-stablecoin', 'eigenlayer-ecosystem', 'binance-ecosystem']",Data inaccessible by API,12097203044.913414,12097203044.913414,True,Data inaccessible by API,15.0,Data inaccessible by API,Data inaccessible by API,Data inaccessible by API,2025-08-25T18:23:00.000Z,1.0004583399232323,313124546.1628155,99.1315,-0.0087399,-0.00335067,-0.05989658,-0.0668602,0.06095399,-0.02763361,12102747676.028343,0.3119,12102747676.03,Data inaccessible by API,2025-08-25T18:23:00.000Z,1027.0,Ethereum,ETH,ethereum,0x4c9edd5852cd905f086c759e8383e09bff1e68b3,2025-08-25 23:55:42.164836,Data inaccessible by API
1,Bitcoin,BTC,bitcoin,12290,2010-07-13T00:00:00.000Z,"['mineable', 'pow', 'sha-256', 'store-of-value', 'state-channel', 'coinbase-ventures-portfolio', 'three-arrows-capital-portfolio', 'polychain-capital-portfolio', 'binance-labs-portfolio', 'blockchain-capital-portfolio', 'boostvc-portfolio', 'cms-holdings-portfolio', 'dcg-portfolio', 'dragonfly-capital-portfolio', 'electric-capital-portfolio', 'fabric-ventures-portfolio', 'framework-ventures-portfolio', 'galaxy-digital-portfolio', 'huobi-capital-portfolio', 'alameda-research-portfolio', 'a16z-portfolio', '1confirmation-portfolio', 'winklevoss-capital-portfolio', 'usv-portfolio', 'placeholder-ventures-portfolio', 'pantera-capital-portfolio', 'multicoin-capital-portfolio', 'paradigm-portfolio', 'bitcoin-ecosystem', 'layer-1', 'ftx-bankruptcy-estate', '2017-2018-alt-season', 'us-strategic-crypto-reserve', 'binance-ecosystem', 'binance-listing']",21000000.0,19911421.0,19911421.0,False,Data inaccessible by API,1.0,Data inaccessible by API,Data inaccessible by API,Data inaccessible by API,2025-08-25T18:26:00.000Z,112616.28794406136,87915398862.49025,62.7589,-0.08498038,-1.84156956,-3.29593232,-4.62383863,4.90937594,2.21616696,2242350320711.43,57.7881,2364942046825.29,Data inaccessible by API,2025-08-25T18:26:00.000Z,Data inaccessible by API,Data inaccessible by API,Data inaccessible by API,Data inaccessible by API,Data inaccessible by API,2025-08-25 23:56:43.390733,Data inaccessible by API
1027,Ethereum,ETH,ethereum,10469,2015-08-07T00:00:00.000Z,"['pos', 'smart-contracts', 'ethereum-ecosystem', 'coinbase-ventures-portfolio', 'three-arrows-capital-portfolio', 'polychain-capital-portfolio', 'binance-labs-portfolio', 'blockchain-capital-portfolio', 'boostvc-portfolio', 'cms-holdings-portfolio', 'dcg-portfolio', 'dragonfly-capital-portfolio', 'electric-capital-portfolio', 'fabric-ventures-portfolio', 'framework-ventures-portfolio', 'hashkey-capital-portfolio', 'kenetic-capital-portfolio', 'huobi-capital-portfolio', 'alameda-research-portfolio', 'a16z-portfolio', '1confirmation-portfolio', 'winklevoss-capital-portfolio', 'usv-portfolio', 'placeholder-ventures-portfolio', 'pantera-capital-portfolio', 'multicoin-capital-portfolio', 'paradigm-portfolio', 'layer-1', 'ftx-bankruptcy-estate', 'sora-ecosystem', 'rsk-rbtc-ecosystem', 'world-liberty-financial-portfolio', 'us-strategic-crypto-reserve', 'binance-ecosystem', 'binance-listing']",Data inaccessible by API,120707098.1711658,120707098.1711658,True,Data inaccessible by API,2.0,Data inaccessible by API,Data inaccessible by API,Data inaccessible by API,2025-08-25T18:26:00.000Z,4586.597774614769,64776003782.30077,87.2801,-0.09859494,-7.11881858,5.51087759,22.96818175,88.93231802,70.63670155,553634907852.0756,14.2679,553634907852.08,Data inaccessible by API,2025-08-25T18:26:00.000Z,Data inaccessible by API,Data inaccessible by API,Data inaccessible by API,Data inaccessible by API,Data inaccessible by API,2025-08-25 23:56:43.390733,Data inaccessible by API
52,XRP,XRP,xrp,1681,2013-08-04T00:00:00.000Z,"['medium-of-exchange', 'enterprise-solutions', 'xrp-ecosystem', 'arrington-xrp-capital-portfolio', 'galaxy-digital-portfolio', 'a16z-portfolio', 'pantera-capital-portfolio', 'ftx-bankruptcy-estate', '2017-2018-alt-season', 'klaytn-ecosystem', 'made-in-america', 'us-strategic-crypto-reserve', 'binance-ecosystem', 'binance-listing']",100000000000.0,59482264023.0,99985819185.0,False,Data inaccessible by API,3.0,Data inaccessible by API,Data inaccessible by API,Data inaccessible by API,2025-08-25T18:26:00.000Z,2.9607418267037557,7909854511.22941,104.9569,0.50748241,-3.6415986,-3.03637426,-6.44468278,39.64179965,26.5094783,176111627039.9321,4.5386,296074182670.38,Data inaccessible by API,2025-08-25T18:26:00.000Z,Data inaccessible by API,Data inaccessible by API,Data inaccessible by API,Data inaccessible by API,Data inaccessible by API,2025-08-25 23:56:43.390733,Data inaccessible by API
825,Tether USDt,USDT,tether,142641,2015-02-25T00:00:00.000Z,"['stablecoin', 'asset-backed-stablecoin', 'usd-stablecoin', 'fiat-stablecoin', 'tron20-ecosystem', 'rsk-rbtc-ecosystem', 'world-liberty-financial-portfolio', 'binance-ecosystem', 'binance-listing', 'peaq-ecosystem', 'apertum-ecosystem', 'etherlink-ecosystem', 'duckchain-ecosystem', 'onus-ecosystem', 'zedxion-smart-chain-ecosystem']",Data inaccessible by API,167150540379.7628,169734252948.3468,True,Data inaccessible by API,4.0,Data inaccessible by API,Data inaccessible by API,Data inaccessible by API,2025-08-25T18:25:00.000Z,1.000123623150134,176801668336.06293,75.2492,0.0022281,0.04937047,-0.0323039,-0.02239536,-0.01294075,-0.0358032,167171204056.11115,4.3082,169755236031.38,Data inaccessible by API,2025-08-25T18:25:00.000Z,1027.0,Ethereum,ETH,ethereum,0xdac17f958d2ee523a2206206994597c13d831ec7,2025-08-25 23:56:43.390733,Data inaccessible by API
1839,BNB,BNB,bnb,2679,2017-07-25T00:00:00.000Z,"['marketplace', 'centralized-exchange', 'payments', 'smart-contracts', 'alameda-research-portfolio', 'multicoin-capital-portfolio', 'bnb-chain-ecosystem', 'layer-1', 'alleged-sec-securities', 'celsius-bankruptcy-estate', 'binance-ecosystem', 'binance-listing']",Data inaccessible by API,139287301.16,139287301.16,False,Data inaccessible by API,5.0,Data inaccessible by API,Data inaccessible by API,Data inaccessible by API,2025-08-25T18:25:00.000Z,865.9759266248303,3233926275.4869227,31.7553,0.12267872,-1.35959476,2.5572102,10.88057015,33.97578902,25.52631013,120619449689.1028,3.1085,120619449689.1,Data inaccessible by API,2025-08-25T18:25:00.000Z,Data inaccessible by API,Data inaccessible by API,Data inaccessible by API,Data inaccessible by API,Data inaccessible by API,2025-08-25 23:56:43.390733,Data inaccessible by API
5426,Solana,SOL,solana,974,2020-04-10T00:00:00.000Z,"['pos', 'platform', 'solana-ecosystem', 'cms-holdings-portfolio', 'kenetic-capital-portfolio', 'alameda-research-portfolio', 'multicoin-capital-portfolio', 'okx-ventures-portfolio', 'layer-1', 'ftx-bankruptcy-estate', 'alleged-sec-securities', 'cmc-crypto-awards-2024', 'made-in-america', 'us-strategic-crypto-reserve', 'binance-ecosystem', 'binance-listing']",Data inaccessible by API,540561082.0499785,608331495.1255546,True,Data inaccessible by API,6.0,525236893.3,103794960324.11842,Data inaccessible by API,2025-08-25T18:25:00.000Z,197.6155172040319,13991850299.384129,77.8786,0.57019032,-5.96700161,7.51873603,6.35368859,39.12256885,10.53145685,106823257809.67764,2.753,120215743040.74,Data inaccessible by API,2025-08-25T18:25:00.000Z,Data inaccessible by API,Data inaccessible by API,Data inaccessible by API,Data inaccessible by API,Data inaccessible by API,2025-08-25 23:56:43.390733,Data inaccessible by API
3408,USDC,USDC,usd-coin,30822,2018-10-08T00:00:00.000Z,"['medium-of-exchange', 'stablecoin', 'asset-backed-stablecoin', 'coinbase-ventures-portfolio', 'usd-stablecoin', 'fiat-stablecoin', 'tron20-ecosystem', 'made-in-america', 'world-liberty-financial-portfolio', 'sonic-ecosystem', 'binance-ecosystem', 'binance-listing', 'etherlink-ecosystem', 'unichain-ecosystem', 'vector-smart-chain-ecosystem']",Data inaccessible by API,67504412298.46424,67504412298.46424,False,Data inaccessible by API,7.0,60901219650.23,60912658817.38524,Data inaccessible by API,2025-08-25T18:26:00.000Z,1.000187831495345,24155493004.208035,122.5874,0.01751149,0.03104212,0.03407632,0.02966183,0.04260741,0.04061215,67517091753.16865,1.74,67517091753.17,Data inaccessible by API,2025-08-25T18:26:00.000Z,1027.0,Ethereum,ETH,ethereum,0xa0b86991c6218b36c1d19d4a2e9eb0ce3606eb48,2025-08-25 23:56:43.390733,Data inaccessible by API
1958,TRON,TRX,tron,1216,2017-09-13T00:00:00.000Z,"['media', 'payments', 'tron-ecosystem', 'layer-1', 'dwf-labs-portfolio', 'alleged-sec-securities', '2017-2018-alt-season', 'tron20-ecosystem', 'world-liberty-financial-portfolio', 'binance-ecosystem', 'binance-listing']",Data inaccessible by API,94666051137.35909,94666056334.36154,True,Data inaccessible by API,8.0,71659659264.0,25173961106.126434,Data inaccessible by API,2025-08-25T18:26:00.000Z,0.35129892277862385,1880270256.7898824,143.2988,-0.03083353,-4.52626252,0.66644845,10.14509431,29.61640107,27.63516456,33256081788.260365,0.8571,33256083613.96,Data inaccessible by API,2025-08-25T18:26:00.000Z,Data inaccessible by API,Data inaccessible by API,Data inaccessible by API,Data inaccessible by API,Data inaccessible by API,2025-08-25 23:56:43.390733,Data inaccessible by API
74,Dogecoin,DOGE,dogecoin,1276,2013-12-15T00:00:00.000Z,"['mineable', 'pow', 'scrypt', 'medium-of-exchange', 'memes', 'payments', 'doggone-doggerel', 'osmosis-ecosystem', 'ftx-bankruptcy-estate', 'animal-memes', 'made-in-america', 'binance-ecosystem', 'binance-listing']",Data inaccessible by API,150667646383.70523,150667646383.70523,True,Data inaccessible by API,9.0,Data inaccessible by API,Data inaccessible by API,Data inaccessible by API,2025-08-25T18:25:00.000Z,0.21864458634691947,4046225618.588555,120.134,0.16179628,-8.07215067,-1.89389717,-7.39314144,36.37327349,-4.47058502,32942665219.42917,0.849,32942665219.43,Data inaccessible by API,2025-08-25T18:25:00.000Z,Data inaccessible by API,Data inaccessible by API,Data inaccessible by API,Data inaccessible by API,Data inaccessible by API,2025-08-25 23:56:43.390733,Data inaccessible by API
2010,Cardano,ADA,cardano,1567,2017-10-01T00:00:00.000Z,"['dpos', 'pos', 'platform', 'research', 'smart-contracts', 'staking', 'cardano-ecosystem', 'cardano', 'layer-1', 'alleged-sec-securities', '2017-2018-alt-season', 'made-in-america', 'us-strategic-crypto-reserve', 'binance-ecosystem', 'binance-listing']",45000000000.0,35724891762.85982,44994674679.3984,False,Data inaccessible by API,10.0,37997904336.0,33122948869.737785,Data inaccessible by API,2025-08-25T18:25:00.000Z,0.8717046228877527,2936202615.041316,145.6739,0.41318596,-5.92083366,-5.06269841,5.68618231,56.5823055,13.20272583,31141553301.849503,0.8026,39226708029.95,Data inaccessible by API,2025-08-25T18:25:00.000Z,Data inaccessible by API,Data inaccessible by API,Data inaccessible by API,Data inaccessible by API,Data inaccessible by API,2025-08-25 23:56:43.390733,Data inaccessible by API
1975,Chainlink,LINK,chainlink,2069,2017-09-20T00:00:00.000Z,"['platform', 'defi', 'interoperability', 'oracles', 'smart-contracts', 'ethereum-ecosystem', 'polkadot', 'heco-ecosystem', 'avalanche-ecosystem', 'solana-ecosystem', 'framework-ventures-portfolio', 'polygon-ecosystem', 'fantom-ecosystem', 'cardano-ecosystem', 'terra-ecosystem', 'web3', 'near-protocol-ecosystem', 'arbitrum-ecosystem', 'cross-chain', 'cardano', 'injective-ecosystem', 'bnb-chain-ecosystem', 'optimism-ecosystem', 'real-world-assets-protocols', 'gnosis-chain-ecosystem', 'sora-ecosystem', 'hoo-smart-chain-ecosystem', 'milkomeda-ecosystem', 'energi-ecosystem', 'made-in-america', 'world-liberty-financial-portfolio', 'binance-ecosystem', 'binance-listing', 'robotics']",1000000000.0,678099970.4527867,1000000000.0,False,Data inaccessible by API,11.0,Data inaccessible by API,Data inaccessible by API,Data inaccessible by API,2025-08-25T18:26:00.000Z,24.38307920412087,2235796206.9310803,92.1185,-0.35492761,-7.0206201,-3.04709805,33.06062613,85.89793283,52.17458629,16534165287.86232,0.4261,24383079204.12,Data inaccessible by API,2025-08-25T18:26:00.000Z,1027.0,Ethereum,ETH,ethereum,0x514910771af9ca656af840dff83e8264ecf986ca,2025-08-25 23:56:43.390733,Data inaccessible by API
32196,Hyperliquid,HYPE,hyperliquid,135,2024-07-15T10:14:50.000Z,"['decentralized-exchange-dex-token', 'defi', 'derivatives', 'layer-1', 'hyperliquid-ecosystem', 'binance-ecosystem', 'binance-listing']",1000000000.0,333928180.0,999993930.0,False,Data inaccessible by API,12.0,333931719.0,15208428236.469,Data inaccessible by API,2025-08-25T18:26:00.000Z,45.543526928237085,371386169.6425309,159.4842,-0.66025323,-0.46911982,2.8737661,3.78171924,24.53942453,21.19479624,15208267057.9272,0.3919,45543526928.24,Data inaccessible by API,2025-08-25T18:26:00.000Z,32196.0,Hyperliquid,HYPE,hyperliquid,0x0d01dc56dcaaca66ad901c959b4011ec,2025-08-25 23:56:43.390733,Data inaccessible by API
512,Stellar,XLM,stellar,741,2014-08-05T00:00:00.000Z,"['medium-of-exchange', 'enterprise-solutions', 'decentralized-exchange-dex-token', 'defi', 'smart-contracts', 'hashkey-capital-portfolio', 'real-world-assets-protocols', '2017-2018-alt-season', 'made-in-america', 'binance-ecosystem', 'binance-listing']",50001806812.0,31351078630.242718,50001786889.0645,False,Data inaccessible by API,13.0,31531408660.0,12397470421.312613,Data inaccessible by API,2025-08-25T18:26:00.000Z,0.39317845120696276,407151861.3974775,99.7837,0.08711794,-5.67511578,-4.62322429,-9.95674021,67.07519857,35.71879618,12326568539.506538,0.3177,19659632959.89,Data inaccessible by API,2025-08-25T18:26:00.000Z,Data inaccessible by API,Data inaccessible by API,Data inaccessible by API,Data inaccessible by API,Data inaccessible by API,2025-08-25 23:56:43.390733,Data inaccessible by API
20947,Sui,SUI,sui,750,2022-07-12T08:03:11.000Z,"['binance-launchpool', 'coinbase-ventures-portfolio', 'binance-labs-portfolio', 'electric-capital-portfolio', 'a16z-portfolio', 'sui-ecosystem', 'layer-1', 'move-vm', 'cmc-crypto-yearbook-2024-2025', 'made-in-america', 'world-liberty-financial-portfolio', 'binance-ecosystem', 'binance-listing']",10000000000.0,3511924479.5699987,10000000000.0,False,Data inaccessible by API,14.0,3511924479.57,12150543956.252865,Data inaccessible by API,2025-08-25T18:26:00.000Z,3.4597964810850876,2072612700.178194,114.7819,0.24574803,-8.06569947,-4.36608685,-17.7567426,32.24183129,-6.18869066,12150543956.25286,0.3132,34597964810.85,Data inaccessible by API,2025-08-25T18:26:00.000Z,Data inaccessible by API,Data inaccessible by API,Data inaccessible by API,Data inaccessible by API,Data inaccessible by API,2025-08-25 23:56:43.390733,Data inaccessible by API
29470,Ethena USDe,USDe,ethena-usde,200,2024-02-20T11:05:01.000Z,"['stablecoin', 'asset-backed-stablecoin', 'binance-labs-portfolio', 'dragonfly-capital-portfolio', 'usd-stablecoin', 'eigenlayer-ecosystem', 'binance-ecosystem']",Data inaccessible by API,12097203044.913414,12097203044.913414,True,Data inaccessible by API,15.0,Data inaccessible by API,Data inaccessible by API,Data inaccessible by API,2025-08-25T18:25:00.000Z,1.0005737040553289,312831392.44304746,98.8962,-0.00816245,0.0049567,-0.06584884,-0.05440612,0.07476695,-0.02623816,12104143259.358418,0.3119,12104143259.36,Data inaccessible by API,2025-08-25T18:25:00.000Z,1027.0,Ethereum,ETH,ethereum,0x4c9edd5852cd905f086c759e8383e09bff1e68b3,2025-08-25 23:56:43.390733,Data inaccessible by API
1,Bitcoin,BTC,bitcoin,12290,2010-07-13T00:00:00.000Z,"['mineable', 'pow', 'sha-256', 'store-of-value', 'state-channel', 'coinbase-ventures-portfolio', 'three-arrows-capital-portfolio', 'polychain-capital-portfolio', 'binance-labs-portfolio', 'blockchain-capital-portfolio', 'boostvc-portfolio', 'cms-holdings-portfolio', 'dcg-portfolio', 'dragonfly-capital-portfolio', 'electric-capital-portfolio', 'fabric-ventures-portfolio', 'framework-ventures-portfolio', 'galaxy-digital-portfolio', 'huobi-capital-portfolio', 'alameda-research-portfolio', 'a16z-portfolio', '1confirmation-portfolio', 'winklevoss-capital-portfolio', 'usv-portfolio', 'placeholder-ventures-portfolio', 'pantera-capital-portfolio', 'multicoin-capital-portfolio', 'paradigm-portfolio', 'bitcoin-ecosystem', 'layer-1', 'ftx-bankruptcy-estate', '2017-2018-alt-season', 'us-strategic-crypto-reserve', 'binance-ecosystem', 'binance-listing']",21000000.0,19911421.0,19911421.0,False,Data inaccessible by API,1.0,Data inaccessible by API,Data inaccessible by API,Data inaccessible by API,2025-08-25T18:27:00.000Z,112605.12289770912,88672993290.34962,60.8081,-0.11126843,-1.82707061,-3.30884019,-4.64205562,4.8989704,2.22009918,2242128008773.0264,57.7569,2364707580851.89,Data inaccessible by API,2025-08-25T18:27:00.000Z,Data inaccessible by API,Data inaccessible by API,Data inaccessible by API,Data inaccessible by API,Data inaccessible by API,2025-08-25 23:57:45.820396,Data inaccessible by API
1027,Ethereum,ETH,ethereum,10469,2015-08-07T00:00:00.000Z,"['pos', 'smart-contracts', 'ethereum-ecosystem', 'coinbase-ventures-portfolio', 'three-arrows-capital-portfolio', 'polychain-capital-portfolio', 'binance-labs-portfolio', 'blockchain-capital-portfolio', 'boostvc-portfolio', 'cms-holdings-portfolio', 'dcg-portfolio', 'dragonfly-capital-portfolio', 'electric-capital-portfolio', 'fabric-ventures-portfolio', 'framework-ventures-portfolio', 'hashkey-capital-portfolio', 'kenetic-capital-portfolio', 'huobi-capital-portfolio', 'alameda-research-portfolio', 'a16z-portfolio', '1confirmation-portfolio', 'winklevoss-capital-portfolio', 'usv-portfolio', 'placeholder-ventures-portfolio', 'pantera-capital-portfolio', 'multicoin-capital-portfolio', 'paradigm-portfolio', 'layer-1', 'ftx-bankruptcy-estate', 'sora-ecosystem', 'rsk-rbtc-ecosystem', 'world-liberty-financial-portfolio', 'us-strategic-crypto-reserve', 'binance-ecosystem', 'binance-listing']",Data inaccessible by API,120707098.1711658,120707098.1711658,True,Data inaccessible by API,2.0,Data inaccessible by API,Data inaccessible by API,Data inaccessible by API,2025-08-25T18:27:00.000Z,4581.394615780524,65900370896.77763,88.2322,-0.26422514,-7.27665422,5.3830464,22.73419239,88.83659149,70.40748787,553006849647.8701,14.2454,553006849647.87,Data inaccessible by API,2025-08-25T18:27:00.000Z,Data inaccessible by API,Data inaccessible by API,Data inaccessible by API,Data inaccessible by API,Data inaccessible by API,2025-08-25 23:57:45.820396,Data inaccessible by API
52,XRP,XRP,xrp,1681,2013-08-04T00:00:00.000Z,"['medium-of-exchange', 'enterprise-solutions', 'xrp-ecosystem', 'arrington-xrp-capital-portfolio', 'galaxy-digital-portfolio', 'a16z-portfolio', 'pantera-capital-portfolio', 'ftx-bankruptcy-estate', '2017-2018-alt-season', 'klaytn-ecosystem', 'made-in-america', 'us-strategic-crypto-reserve', 'binance-ecosystem', 'binance-listing']",100000000000.0,59482264023.0,99985819185.0,False,Data inaccessible by API,3.0,Data inaccessible by API,Data inaccessible by API,Data inaccessible by API,2025-08-25T18:27:00.000Z,2.960677865352562,7907914370.689021,104.8198,0.47264424,-3.62637021,-3.06187931,-6.52320472,39.79595795,26.55852638,176107822473.95312,4.5365,296067786535.26,Data inaccessible by API,2025-08-25T18:27:00.000Z,Data inaccessible by API,Data inaccessible by API,Data inaccessible by API,Data inaccessible by API,Data inaccessible by API,2025-08-25 23:57:45.820396,Data inaccessible by API
825,Tether USDt,USDT,tether,142641,2015-02-25T00:00:00.000Z,"['stablecoin', 'asset-backed-stablecoin', 'usd-stablecoin', 'fiat-stablecoin', 'tron20-ecosystem', 'rsk-rbtc-ecosystem', 'world-liberty-financial-portfolio', 'binance-ecosystem', 'binance-listing', 'peaq-ecosystem', 'apertum-ecosystem', 'etherlink-ecosystem', 'duckchain-ecosystem', 'onus-ecosystem', 'zedxion-smart-chain-ecosystem']",Data inaccessible by API,167150540379.7628,169734252948.3468,True,Data inaccessible by API,4.0,Data inaccessible by API,Data inaccessible by API,Data inaccessible by API,2025-08-25T18:26:00.000Z,1.0000686240667296,176814339973.16135,75.6924,0.00619315,0.02633406,-0.03838037,-0.02943182,-0.01672645,-0.04718442,167162010929.5997,4.308,169745900803.05,Data inaccessible by API,2025-08-25T18:26:00.000Z,1027.0,Ethereum,ETH,ethereum,0xdac17f958d2ee523a2206206994597c13d831ec7,2025-08-25 23:57:45.820396,Data inaccessible by API
1839,BNB,BNB,bnb,2679,2017-07-25T00:00:00.000Z,"['marketplace', 'centralized-exchange', 'payments', 'smart-contracts', 'alameda-research-portfolio', 'multicoin-capital-portfolio', 'bnb-chain-ecosystem', 'layer-1', 'alleged-sec-securities', 'celsius-bankruptcy-estate', 'binance-ecosystem', 'binance-listing']",Data inaccessible by API,139287301.16,139287301.16,False,Data inaccessible by API,5.0,Data inaccessible by API,Data inaccessible by API,Data inaccessible by API,2025-08-25T18:26:00.000Z,865.973631145217,3234333265.70161,31.7494,0.1181612,-1.35697621,2.55894857,10.87786333,33.99017013,25.5344289,120619129957.9426,3.1085,120619129957.94,Data inaccessible by API,2025-08-25T18:26:00.000Z,Data inaccessible by API,Data inaccessible by API,Data inaccessible by API,Data inaccessible by API,Data inaccessible by API,2025-08-25 23:57:45.820396,Data inaccessible by API
5426,Solana,SOL,solana,974,2020-04-10T00:00:00.000Z,"['pos', 'platform', 'solana-ecosystem', 'cms-holdings-portfolio', 'kenetic-capital-portfolio', 'alameda-research-portfolio', 'multicoin-capital-portfolio', 'okx-ventures-portfolio', 'layer-1', 'ftx-bankruptcy-estate', 'alleged-sec-securities', 'cmc-crypto-awards-2024', 'made-in-america', 'us-strategic-crypto-reserve', 'binance-ecosystem', 'binance-listing']",Data inaccessible by API,540561082.0499785,608331495.1255546,True,Data inaccessible by API,6.0,525236893.3,103787378123.59158,Data inaccessible by API,2025-08-25T18:26:00.000Z,197.60108143110057,13991688571.90392,77.826,0.53814965,-5.9610814,7.48983495,6.34238781,39.09045541,10.50144211,106815454392.64165,2.7528,120206961305.41,Data inaccessible by API,2025-08-25T18:26:00.000Z,Data inaccessible by API,Data inaccessible by API,Data inaccessible by API,Data inaccessible by API,Data inaccessible by API,2025-08-25 23:57:45.820396,Data inaccessible by API
3408,USDC,USDC,usd-coin,30822,2018-10-08T00:00:00.000Z,"['medium-of-exchange', 'stablecoin', 'asset-backed-stablecoin', 'coinbase-ventures-portfolio', 'usd-stablecoin', 'fiat-stablecoin', 'tron20-ecosystem', 'made-in-america', 'world-liberty-financial-portfolio', 'sonic-ecosystem', 'binance-ecosystem', 'binance-listing', 'etherlink-ecosystem', 'unichain-ecosystem', 'vector-smart-chain-ecosystem']",Data inaccessible by API,67504412298.46424,67504412298.46424,False,Data inaccessible by API,7.0,60901219650.23,60912658817.38524,Data inaccessible by API,2025-08-25T18:26:00.000Z,1.000187831495345,24155493004.208035,122.5874,0.01751149,0.03104212,0.03407632,0.02966183,0.04260741,0.04061215,67517091753.16865,1.74,67517091753.17,Data inaccessible by API,2025-08-25T18:26:00.000Z,1027.0,Ethereum,ETH,ethereum,0xa0b86991c6218b36c1d19d4a2e9eb0ce3606eb48,2025-08-25 23:57:45.820396,Data inaccessible by API
1958,TRON,TRX,tron,1216,2017-09-13T00:00:00.000Z,"['media', 'payments', 'tron-ecosystem', 'layer-1', 'dwf-labs-portfolio', 'alleged-sec-securities', '2017-2018-alt-season', 'tron20-ecosystem', 'world-liberty-financial-portfolio', 'binance-ecosystem', 'binance-listing']",Data inaccessible by API,94666051137.35909,94666056334.36154,True,Data inaccessible by API,8.0,71659659264.0,25173510955.35444,Data inaccessible by API,2025-08-25T18:27:00.000Z,0.3512926409908423,1879875523.785852,143.2338,-0.03401634,-4.52463502,0.65285003,10.16551831,29.62505852,27.72162965,33255487116.217003,0.8567,33255488941.89,Data inaccessible by API,2025-08-25T18:27:00.000Z,Data inaccessible by API,Data inaccessible by API,Data inaccessible by API,Data inaccessible by API,Data inaccessible by API,2025-08-25 23:57:45.820396,Data inaccessible by API
74,Dogecoin,DOGE,dogecoin,1276,2013-12-15T00:00:00.000Z,"['mineable', 'pow', 'scrypt', 'medium-of-exchange', 'memes', 'payments', 'doggone-doggerel', 'osmosis-ecosystem', 'ftx-bankruptcy-estate', 'animal-memes', 'made-in-america', 'binance-ecosystem', 'binance-listing']",Data inaccessible by API,150667646383.70523,150667646383.70523,True,Data inaccessible by API,9.0,Data inaccessible by API,Data inaccessible by API,Data inaccessible by API,2025-08-25T18:26:00.000Z,0.21864369465612038,4045469003.850079,119.9538,0.13586057,-8.07847577,-1.90803916,-7.40796644,36.3911691,-4.4725586,32942530870.475166,0.849,32942530870.48,Data inaccessible by API,2025-08-25T18:26:00.000Z,Data inaccessible by API,Data inaccessible by API,Data inaccessible by API,Data inaccessible by API,Data inaccessible by API,2025-08-25 23:57:45.820396,Data inaccessible by API
2010,Cardano,ADA,cardano,1567,2017-10-01T00:00:00.000Z,"['dpos', 'pos', 'platform', 'research', 'smart-contracts', 'staking', 'cardano-ecosystem', 'cardano', 'layer-1', 'alleged-sec-securities', '2017-2018-alt-season', 'made-in-america', 'us-strategic-crypto-reserve', 'binance-ecosystem', 'binance-listing']",45000000000.0,35724891762.85982,44994674679.3984,False,Data inaccessible by API,10.0,37997904336.0,33123953642.282707,Data inaccessible by API,2025-08-25T18:26:00.000Z,0.8717310657288115,2935749966.928728,145.4966,0.3991957,-5.91216327,-5.0846743,5.69141141,56.61998527,13.22226912,31142497969.48423,0.8026,39227897957.8,Data inaccessible by API,2025-08-25T18:26:00.000Z,Data inaccessible by API,Data inaccessible by API,Data inaccessible by API,Data inaccessible by API,Data inaccessible by API,2025-08-25 23:57:45.820396,Data inaccessible by API
1975,Chainlink,LINK,chainlink,2069,2017-09-20T00:00:00.000Z,"['platform', 'defi', 'interoperability', 'oracles', 'smart-contracts', 'ethereum-ecosystem', 'polkadot', 'heco-ecosystem', 'avalanche-ecosystem', 'solana-ecosystem', 'framework-ventures-portfolio', 'polygon-ecosystem', 'fantom-ecosystem', 'cardano-ecosystem', 'terra-ecosystem', 'web3', 'near-protocol-ecosystem', 'arbitrum-ecosystem', 'cross-chain', 'cardano', 'injective-ecosystem', 'bnb-chain-ecosystem', 'optimism-ecosystem', 'real-world-assets-protocols', 'gnosis-chain-ecosystem', 'sora-ecosystem', 'hoo-smart-chain-ecosystem', 'milkomeda-ecosystem', 'energi-ecosystem', 'made-in-america', 'world-liberty-financial-portfolio', 'binance-ecosystem', 'binance-listing', 'robotics']",1000000000.0,678099970.4527867,1000000000.0,False,Data inaccessible by API,11.0,Data inaccessible by API,Data inaccessible by API,Data inaccessible by API,2025-08-25T18:26:00.000Z,24.38307920412087,2235796206.9310803,92.1185,-0.35492761,-7.0206201,-3.04709805,33.06062613,85.89793283,52.17458629,16534165287.86232,0.4261,24383079204.12,Data inaccessible by API,2025-08-25T18:26:00.000Z,1027.0,Ethereum,ETH,ethereum,0x514910771af9ca656af840dff83e8264ecf986ca,2025-08-25 23:57:45.820396,Data inaccessible by API
32196,Hyperliquid,HYPE,hyperliquid,135,2024-07-15T10:14:50.000Z,"['decentralized-exchange-dex-token', 'defi', 'derivatives', 'layer-1', 'hyperliquid-ecosystem', 'binance-ecosystem', 'binance-listing']",1000000000.0,333928180.0,999993930.0,False,Data inaccessible by API,12.0,333931719.0,15207525380.978,Data inaccessible by API,2025-08-25T18:27:00.000Z,45.5408232153532,371352899.69391686,159.5257,-0.67404404,-0.47975318,3.2260418,3.69213695,25.13131707,21.3621916,15207364212.004642,0.3917,45540823215.35,Data inaccessible by API,2025-08-25T18:27:00.000Z,32196.0,Hyperliquid,HYPE,hyperliquid,0x0d01dc56dcaaca66ad901c959b4011ec,2025-08-25 23:57:45.820396,Data inaccessible by API
512,Stellar,XLM,stellar,741,2014-08-05T00:00:00.000Z,"['medium-of-exchange', 'enterprise-solutions', 'decentralized-exchange-dex-token', 'defi', 'smart-contracts', 'hashkey-capital-portfolio', 'real-world-assets-protocols', '2017-2018-alt-season', 'made-in-america', 'binance-ecosystem', 'binance-listing']",50001806812.0,31351078630.242718,50001786889.0645,False,Data inaccessible by API,13.0,31531408660.0,12395168947.235216,Data inaccessible by API,2025-08-25T18:27:00.000Z,0.3931054613160824,407032880.7501247,99.5303,0.04930983,-5.69196209,-4.68884102,-10.01697508,67.26696143,35.7515503,12324280227.698336,0.3175,19655983333.47,Data inaccessible by API,2025-08-25T18:27:00.000Z,Data inaccessible by API,Data inaccessible by API,Data inaccessible by API,Data inaccessible by API,Data inaccessible by API,2025-08-25 23:57:45.820396,Data inaccessible by API
20947,Sui,SUI,sui,750,2022-07-12T08:03:11.000Z,"['binance-launchpool', 'coinbase-ventures-portfolio', 'binance-labs-portfolio', 'electric-capital-portfolio', 'a16z-portfolio', 'sui-ecosystem', 'layer-1', 'move-vm', 'cmc-crypto-yearbook-2024-2025', 'made-in-america', 'world-liberty-financial-portfolio', 'binance-ecosystem', 'binance-listing']",10000000000.0,3511924479.5699987,10000000000.0,False,Data inaccessible by API,14.0,3511924479.57,12149094439.453896,Data inaccessible by API,2025-08-25T18:27:00.000Z,3.459383739635948,2071721684.4484344,114.4819,0.22234723,-8.09177423,-4.51274577,-17.547078,32.45878641,-6.16972809,12149094439.453892,0.3129,34593837396.36,Data inaccessible by API,2025-08-25T18:27:00.000Z,Data inaccessible by API,Data inaccessible by API,Data inaccessible by API,Data inaccessible by API,Data inaccessible by API,2025-08-25 23:57:45.820396,Data inaccessible by API
29470,Ethena USDe,USDe,ethena-usde,200,2024-02-20T11:05:01.000Z,"['stablecoin', 'asset-backed-stablecoin', 'binance-labs-portfolio', 'dragonfly-capital-portfolio', 'usd-stablecoin', 'eigenlayer-ecosystem', 'binance-ecosystem']",Data inaccessible by API,12097203044.913414,12097203044.913414,True,Data inaccessible by API,15.0,Data inaccessible by API,Data inaccessible by API,Data inaccessible by API,2025-08-25T18:26:00.000Z,1.0005732747940264,312846417.2891703,98.6654,-0.00709789,0.00975247,-0.06589171,-0.05254949,0.07472402,-0.02639559,12104138066.497282,0.3119,12104138066.5,Data inaccessible by API,2025-08-25T18:26:00.000Z,1027.0,Ethereum,ETH,ethereum,0x4c9edd5852cd905f086c759e8383e09bff1e68b3,2025-08-25 23:57:45.820396,Data inaccessible by API
1,Bitcoin,BTC,bitcoin,12290,2010-07-13T00:00:00.000Z,"['mineable', 'pow', 'sha-256', 'store-of-value', 'state-channel', 'coinbase-ventures-portfolio', 'three-arrows-capital-portfolio', 'polychain-capital-portfolio', 'binance-labs-portfolio', 'blockchain-capital-portfolio', 'boostvc-portfolio', 'cms-holdings-portfolio', 'dcg-portfolio', 'dragonfly-capital-portfolio', 'electric-capital-portfolio', 'fabric-ventures-portfolio', 'framework-ventures-portfolio', 'galaxy-digital-portfolio', 'huobi-capital-portfolio', 'alameda-research-portfolio', 'a16z-portfolio', '1confirmation-portfolio', 'winklevoss-capital-portfolio', 'usv-portfolio', 'placeholder-ventures-portfolio', 'pantera-capital-portfolio', 'multicoin-capital-portfolio', 'paradigm-portfolio', 'bitcoin-ecosystem', 'layer-1', 'ftx-bankruptcy-estate', '2017-2018-alt-season', 'us-strategic-crypto-reserve', 'binance-ecosystem', 'binance-listing']",21000000.0,19911446.0,19911446.0,False,Data inaccessible by API,1.0,Data inaccessible by API,Data inaccessible by API,Data inaccessible by API,2025-08-25T19:46:00.000Z,111167.41465274304,82540532219.43788,40.2442,-1.01584023,-1.59978822,-4.44147706,-5.9701584,3.28923716,1.11368025,2213503973817.7017,57.8039,2334515707707.6,Data inaccessible by API,2025-08-25T19:46:00.000Z,Data inaccessible by API,Data inaccessible by API,Data inaccessible by API,Data inaccessible by API,Data inaccessible by API,2025-08-26 01:17:19.169848,Data inaccessible by API
1027,Ethereum,ETH,ethereum,10469,2015-08-07T00:00:00.000Z,"['pos', 'smart-contracts', 'ethereum-ecosystem', 'coinbase-ventures-portfolio', 'three-arrows-capital-portfolio', 'polychain-capital-portfolio', 'binance-labs-portfolio', 'blockchain-capital-portfolio', 'boostvc-portfolio', 'cms-holdings-portfolio', 'dcg-portfolio', 'dragonfly-capital-portfolio', 'electric-capital-portfolio', 'fabric-ventures-portfolio', 'framework-ventures-portfolio', 'hashkey-capital-portfolio', 'kenetic-capital-portfolio', 'huobi-capital-portfolio', 'alameda-research-portfolio', 'a16z-portfolio', '1confirmation-portfolio', 'winklevoss-capital-portfolio', 'usv-portfolio', 'placeholder-ventures-portfolio', 'pantera-capital-portfolio', 'multicoin-capital-portfolio', 'paradigm-portfolio', 'ethereum-pow-ecosystem', 'layer-1', 'ftx-bankruptcy-estate', 'sora-ecosystem', 'rsk-rbtc-ecosystem', 'world-liberty-financial-portfolio', 'us-strategic-crypto-reserve', 'binance-ecosystem', 'binance-listing']",Data inaccessible by API,120707098.1711658,120707098.1711658,True,Data inaccessible by API,2.0,Data inaccessible by API,Data inaccessible by API,Data inaccessible by API,2025-08-25T19:46:00.000Z,4464.738950597918,60166584884.790405,45.256,-2.41079719,-7.67835383,2.36386103,19.08972099,82.93375683,66.34878437,538925682818.4506,14.0736,538925682818.45,Data inaccessible by API,2025-08-25T19:46:00.000Z,Data inaccessible by API,Data inaccessible by API,Data inaccessible by API,Data inaccessible by API,Data inaccessible by API,2025-08-26 01:17:19.169848,Data inaccessible by API
52,XRP,XRP,xrp,1681,2013-08-04T00:00:00.000Z,"['medium-of-exchange', 'enterprise-solutions', 'xrp-ecosystem', 'arrington-xrp-capital-portfolio', 'galaxy-digital-portfolio', 'a16z-portfolio', 'pantera-capital-portfolio', 'ftx-bankruptcy-estate', '2017-2018-alt-season', 'klaytn-ecosystem', 'made-in-america', 'us-strategic-crypto-reserve', 'binance-ecosystem', 'binance-listing']",100000000000.0,59482264023.0,99985819185.0,False,Data inaccessible by API,3.0,Data inaccessible by API,Data inaccessible by API,Data inaccessible by API,2025-08-25T19:46:00.000Z,2.912050219627873,7051583342.56966,35.6976,-1.39476642,-4.58555314,-5.04464142,-8.68793924,36.52410105,24.48437425,173215340012.1403,4.5234,291205021962.79,Data inaccessible by API,2025-08-25T19:46:00.000Z,Data inaccessible by API,Data inaccessible by API,Data inaccessible by API,Data inaccessible by API,Data inaccessible by API,2025-08-26 01:17:19.169848,Data inaccessible by API
825,Tether USDt,USDT,tether,142643,2015-02-25T00:00:00.000Z,"['stablecoin', 'asset-backed-stablecoin', 'usd-stablecoin', 'ethereum-pow-ecosystem', 'fiat-stablecoin', 'tron20-ecosystem', 'rsk-rbtc-ecosystem', 'world-liberty-financial-portfolio', 'binance-ecosystem', 'binance-listing', 'peaq-ecosystem', 'apertum-ecosystem', 'etherlink-ecosystem', 'duckchain-ecosystem', 'onus-ecosystem', 'zedxion-smart-chain-ecosystem']",Data inaccessible by API,167150540379.7628,169734252948.3468,True,Data inaccessible by API,4.0,Data inaccessible by API,Data inaccessible by API,Data inaccessible by API,2025-08-25T19:45:00.000Z,0.9999305105462556,165061719329.04562,40.9415,0.00197816,0.02509726,-0.04509606,-0.04321669,-0.03002623,-0.03516928,167138925180.0187,4.3647,169722458207.83,Data inaccessible by API,2025-08-25T19:45:00.000Z,1027.0,Ethereum,ETH,ethereum,0xdac17f958d2ee523a2206206994597c13d831ec7,2025-08-26 01:17:19.169848,Data inaccessible by API
1839,BNB,BNB,bnb,2679,2017-07-25T00:00:00.000Z,"['marketplace', 'centralized-exchange', 'payments', 'smart-contracts', 'alameda-research-portfolio', 'multicoin-capital-portfolio', 'bnb-chain-ecosystem', 'layer-1', 'alleged-sec-securities', 'celsius-bankruptcy-estate', 'binance-ecosystem', 'binance-listing']",Data inaccessible by API,139287299.18,139287299.18,False,Data inaccessible by API,5.0,Data inaccessible by API,Data inaccessible by API,Data inaccessible by API,2025-08-25T19:45:00.000Z,860.1689290879933,3155480588.60867,21.3793,-0.56703951,-0.70619571,1.9889698,9.69382657,33.21271326,24.52386706,119810606971.21954,3.1288,119810606971.22,Data inaccessible by API,2025-08-25T19:45:00.000Z,Data inaccessible by API,Data inaccessible by API,Data inaccessible by API,Data inaccessible by API,Data inaccessible by API,2025-08-26 01:17:19.169848,Data inaccessible by API
5426,Solana,SOL,solana,974,2020-04-10T00:00:00.000Z,"['pos', 'platform', 'solana-ecosystem', 'cms-holdings-portfolio', 'kenetic-capital-portfolio', 'alameda-research-portfolio', 'multicoin-capital-portfolio', 'okx-ventures-portfolio', 'layer-1', 'ftx-bankruptcy-estate', 'alleged-sec-securities', 'cmc-crypto-awards-2024', 'made-in-america', 'us-strategic-crypto-reserve', 'binance-ecosystem', 'binance-listing']",Data inaccessible by API,540560920.3036195,608331441.6387947,True,Data inaccessible by API,6.0,525236893.3,101087692637.8616,Data inaccessible by API,2025-08-25T19:45:00.000Z,192.46114263364063,13164293485.013964,42.1264,-2.13846617,-6.15042475,4.91302626,3.27692087,35.08259522,7.98792617,104036972384.72696,2.7168,117080164357.77,Data inaccessible by API,2025-08-25T19:45:00.000Z,Data inaccessible by API,Data inaccessible by API,Data inaccessible by API,Data inaccessible by API,Data inaccessible by API,2025-08-26 01:17:19.169848,Data inaccessible by API
3408,USDC,USDC,usd-coin,30824,2018-10-08T00:00:00.000Z,"['medium-of-exchange', 'stablecoin', 'asset-backed-stablecoin', 'coinbase-ventures-portfolio', 'usd-stablecoin', 'ethereum-pow-ecosystem', 'fiat-stablecoin', 'tron20-ecosystem', 'made-in-america', 'world-liberty-financial-portfolio', 'sonic-ecosystem', 'binance-ecosystem', 'binance-listing', 'etherlink-ecosystem', 'unichain-ecosystem', 'vector-smart-chain-ecosystem']",Data inaccessible by API,67679972783.31463,67679972783.31463,False,Data inaccessible by API,7.0,60901219650.23,60889243329.90921,Data inaccessible by API,2025-08-25T19:46:00.000Z,0.9998033484322715,22404129480.05096,66.795,-0.00640797,-0.09607035,-0.00490381,-0.01749909,-0.00228565,0.00970374,67666663410.562965,1.7671,67666663410.56,Data inaccessible by API,2025-08-25T19:46:00.000Z,1027.0,Ethereum,ETH,ethereum,0xa0b86991c6218b36c1d19d4a2e9eb0ce3606eb48,2025-08-26 01:17:19.169848,Data inaccessible by API
1958,TRON,TRX,tron,1216,2017-09-13T00:00:00.000Z,"['media', 'payments', 'tron-ecosystem', 'layer-1', 'dwf-labs-portfolio', 'alleged-sec-securities', '2017-2018-alt-season', 'tron20-ecosystem', 'world-liberty-financial-portfolio', 'binance-ecosystem', 'binance-listing']",Data inaccessible by API,94665991085.00491,94665915951.5082,True,Data inaccessible by API,8.0,71659659264.0,24888437305.69305,Data inaccessible by API,2025-08-25T19:46:00.000Z,0.3473144801596395,1796545395.9378393,94.0856,-1.03586598,-4.856101,-0.59848542,8.79242654,27.95535878,25.88342264,32878869482.48555,0.8586,32878843387.53,Data inaccessible by API,2025-08-25T19:46:00.000Z,Data inaccessible by API,Data inaccessible by API,Data inaccessible by API,Data inaccessible by API,Data inaccessible by API,2025-08-26 01:17:19.169848,Data inaccessible by API
74,Dogecoin,DOGE,dogecoin,1276,2013-12-15T00:00:00.000Z,"['mineable', 'pow', 'scrypt', 'medium-of-exchange', 'memes', 'payments', 'doggone-doggerel', 'osmosis-ecosystem', 'ftx-bankruptcy-estate', 'animal-memes', 'made-in-america', 'binance-ecosystem', 'binance-listing']",Data inaccessible by API,150668586383.7052,150668586383.7052,True,Data inaccessible by API,9.0,Data inaccessible by API,Data inaccessible by API,Data inaccessible by API,2025-08-25T19:45:00.000Z,0.21500820606168092,3579322875.1819906,43.2975,-1.27566155,-8.1628534,-3.8002744,-9.87047764,33.48327583,-5.52771778,32394982468.209854,0.846,32394982468.21,Data inaccessible by API,2025-08-25T19:45:00.000Z,Data inaccessible by API,Data inaccessible by API,Data inaccessible by API,Data inaccessible by API,Data inaccessible by API,2025-08-26 01:17:19.169848,Data inaccessible by API
2010,Cardano,ADA,cardano,1567,2017-10-01T00:00:00.000Z,"['dpos', 'pos', 'platform', 'research', 'smart-contracts', 'staking', 'cardano-ecosystem', 'cardano', 'layer-1', 'alleged-sec-securities', '2017-2018-alt-season', 'made-in-america', 'us-strategic-crypto-reserve', 'binance-ecosystem', 'binance-listing']",45000000000.0,35724891762.85982,44994674679.3984,False,Data inaccessible by API,10.0,37997904336.0,32613636130.305622,Data inaccessible by API,2025-08-25T19:45:00.000Z,0.8583009168589014,2538877548.8297524,52.8875,-1.35905047,-7.04719122,-6.54351759,3.54422342,54.08271184,12.2455631,30662707354.7476,0.8007,38623541258.65,Data inaccessible by API,2025-08-25T19:45:00.000Z,Data inaccessible by API,Data inaccessible by API,Data inaccessible by API,Data inaccessible by API,Data inaccessible by API,2025-08-26 01:17:19.169848,Data inaccessible by API
1975,Chainlink,LINK,chainlink,2069,2017-09-20T00:00:00.000Z,"['platform', 'defi', 'interoperability', 'oracles', 'smart-contracts', 'ethereum-ecosystem', 'polkadot', 'heco-ecosystem', 'avalanche-ecosystem', 'solana-ecosystem', 'framework-ventures-portfolio', 'polygon-ecosystem', 'fantom-ecosystem', 'cardano-ecosystem', 'terra-ecosystem', 'web3', 'near-protocol-ecosystem', 'arbitrum-ecosystem', 'cross-chain', 'cardano', 'injective-ecosystem', 'bnb-chain-ecosystem', 'optimism-ecosystem', 'real-world-assets-protocols', 'gnosis-chain-ecosystem', 'sora-ecosystem', 'hoo-smart-chain-ecosystem', 'milkomeda-ecosystem', 'energi-ecosystem', 'made-in-america', 'world-liberty-financial-portfolio', 'binance-ecosystem', 'binance-listing', 'robotics']",1000000000.0,678099970.4527867,1000000000.0,False,Data inaccessible by API,11.0,Data inaccessible by API,Data inaccessible by API,Data inaccessible by API,2025-08-25T19:46:00.000Z,23.875345829801056,2116385316.7632444,50.3787,-1.48260071,-8.4289609,-6.09955299,28.77986084,81.64698031,49.94835798,16189871301.73816,0.4228,23875345829.8,Data inaccessible by API,2025-08-25T19:46:00.000Z,1027.0,Ethereum,ETH,ethereum,0x514910771af9ca656af840dff83e8264ecf986ca,2025-08-26 01:17:19.169848,Data inaccessible by API
32196,Hyperliquid,HYPE,hyperliquid,135,2024-07-15T10:14:50.000Z,"['decentralized-exchange-dex-token', 'defi', 'derivatives', 'layer-1', 'hyperliquid-ecosystem', 'binance-ecosystem', 'binance-listing']",1000000000.0,333928180.0,999993930.0,False,Data inaccessible by API,12.0,333931719.0,14685338699.04464,Data inaccessible by API,2025-08-25T19:46:00.000Z,43.977070351453015,349092340.76081306,100.0629,-2.91676255,-4.12063923,0.82779281,-0.06481501,19.97457851,17.91559216,14685183064.192663,0.3835,43977070351.45,Data inaccessible by API,2025-08-25T19:46:00.000Z,32196.0,Hyperliquid,HYPE,hyperliquid,0x0d01dc56dcaaca66ad901c959b4011ec,2025-08-26 01:17:19.169848,Data inaccessible by API
512,Stellar,XLM,stellar,741,2014-08-05T00:00:00.000Z,"['medium-of-exchange', 'enterprise-solutions', 'decentralized-exchange-dex-token', 'defi', 'smart-contracts', 'hashkey-capital-portfolio', 'real-world-assets-protocols', '2017-2018-alt-season', 'made-in-america', 'binance-ecosystem', 'binance-listing']",50001806812.0,31351096524.67707,50001786889.0645,False,Data inaccessible by API,13.0,31531408660.0,12253895175.27989,Data inaccessible by API,2025-08-25T19:46:00.000Z,0.388625047089155,363432519.4060771,40.8467,-0.94178972,-5.97954072,-6.30671699,-11.94461787,63.94185873,34.31674482,12183821363.19927,0.3182,19431954526.86,Data inaccessible by API,2025-08-25T19:46:00.000Z,Data inaccessible by API,Data inaccessible by API,Data inaccessible by API,Data inaccessible by API,Data inaccessible by API,2025-08-26 01:17:19.169848,Data inaccessible by API
29470,Ethena USDe,USDe,ethena-usde,200,2024-02-20T11:05:01.000Z,"['stablecoin', 'asset-backed-stablecoin', 'binance-labs-portfolio', 'dragonfly-capital-portfolio', 'usd-stablecoin', 'eigenlayer-ecosystem', 'binance-ecosystem']",Data inaccessible by API,12106352750.674414,12106352750.674414,True,Data inaccessible by API,14.0,Data inaccessible by API,Data inaccessible by API,Data inaccessible by API,2025-08-25T19:45:00.000Z,1.0006970527066084,292802375.7644308,55.9753,0.00760248,0.04496525,-0.03094059,-0.05286597,0.08215914,-0.00455014,12114791516.626429,0.3164,12114791516.63,Data inaccessible by API,2025-08-25T19:45:00.000Z,1027.0,Ethereum,ETH,ethereum,0x4c9edd5852cd905f086c759e8383e09bff1e68b3,2025-08-26 01:17:19.169848,Data inaccessible by API
20947,Sui,SUI,sui,750,2022-07-12T08:03:11.000Z,"['binance-launchpool', 'coinbase-ventures-portfolio', 'binance-labs-portfolio', 'electric-capital-portfolio', 'a16z-portfolio', 'sui-ecosystem', 'layer-1', 'move-vm', 'cmc-crypto-yearbook-2024-2025', 'made-in-america', 'world-liberty-financial-portfolio', 'binance-ecosystem', 'binance-listing']",10000000000.0,3511924479.5699987,10000000000.0,False,Data inaccessible by API,15.0,3511924479.57,11952159249.97626,Data inaccessible by API,2025-08-25T19:46:00.000Z,3.4033075937440667,1815936809.7536411,41.6357,-1.2805063,-8.3021861,-6.02297737,-19.05435549,30.14251277,-8.19135927,11952159249.976255,0.3122,34033075937.44,Data inaccessible by API,2025-08-25T19:46:00.000Z,Data inaccessible by API,Data inaccessible by API,Data inaccessible by API,Data inaccessible by API,Data inaccessible by API,2025-08-26 01:17:19.169848,Data inaccessible by API
1,Bitcoin,BTC,bitcoin,12290,2010-07-13T00:00:00.000Z,"['mineable', 'pow', 'sha-256', 'store-of-value', 'state-channel', 'coinbase-ventures-portfolio', 'three-arrows-capital-portfolio', 'polychain-capital-portfolio', 'binance-labs-portfolio', 'blockchain-capital-portfolio', 'boostvc-portfolio', 'cms-holdings-portfolio', 'dcg-portfolio', 'dragonfly-capital-portfolio', 'electric-capital-portfolio', 'fabric-ventures-portfolio', 'framework-ventures-portfolio', 'galaxy-digital-portfolio', 'huobi-capital-portfolio', 'alameda-research-portfolio', 'a16z-portfolio', '1confirmation-portfolio', 'winklevoss-capital-portfolio', 'usv-portfolio', 'placeholder-ventures-portfolio', 'pantera-capital-portfolio', 'multicoin-capital-portfolio', 'paradigm-portfolio', 'bitcoin-ecosystem', 'layer-1', 'ftx-bankruptcy-estate', '2017-2018-alt-season', 'us-strategic-crypto-reserve', 'binance-ecosystem', 'binance-listing']",21000000.0,19911446.0,19911446.0,False,Data inaccessible by API,1.0,Data inaccessible by API,Data inaccessible by API,Data inaccessible by API,2025-08-25T19:48:00.000Z,111287.906721482,82176114254.1823,36.7541,-0.96565084,-1.1675571,-4.29870501,-5.91245465,3.42307762,1.21018645,2215903145137.8257,57.9232,2337046041151.12,Data inaccessible by API,2025-08-25T19:48:00.000Z,Data inaccessible by API,Data inaccessible by API,Data inaccessible by API,Data inaccessible by API,Data inaccessible by API,2025-08-26 01:18:36.929300,Data inaccessible by API
1027,Ethereum,ETH,ethereum,10469,2015-08-07T00:00:00.000Z,"['pos', 'smart-contracts', 'ethereum-ecosystem', 'coinbase-ventures-portfolio', 'three-arrows-capital-portfolio', 'polychain-capital-portfolio', 'binance-labs-portfolio', 'blockchain-capital-portfolio', 'boostvc-portfolio', 'cms-holdings-portfolio', 'dcg-portfolio', 'dragonfly-capital-portfolio', 'electric-capital-portfolio', 'fabric-ventures-portfolio', 'framework-ventures-portfolio', 'hashkey-capital-portfolio', 'kenetic-capital-portfolio', 'huobi-capital-portfolio', 'alameda-research-portfolio', 'a16z-portfolio', '1confirmation-portfolio', 'winklevoss-capital-portfolio', 'usv-portfolio', 'placeholder-ventures-portfolio', 'pantera-capital-portfolio', 'multicoin-capital-portfolio', 'paradigm-portfolio', 'ethereum-pow-ecosystem', 'layer-1', 'ftx-bankruptcy-estate', 'sora-ecosystem', 'rsk-rbtc-ecosystem', 'world-liberty-financial-portfolio', 'us-strategic-crypto-reserve', 'binance-ecosystem', 'binance-listing']",Data inaccessible by API,120707098.1711658,120707098.1711658,True,Data inaccessible by API,2.0,Data inaccessible by API,Data inaccessible by API,Data inaccessible by API,2025-08-25T19:48:00.000Z,4473.255518784622,59872507840.35912,44.9894,-2.29010435,-7.10541985,2.71282239,19.33119045,83.29574841,66.52032782,539953693050.6445,14.1143,539953693050.64,Data inaccessible by API,2025-08-25T19:48:00.000Z,Data inaccessible by API,Data inaccessible by API,Data inaccessible by API,Data inaccessible by API,Data inaccessible by API,2025-08-26 01:18:36.929300,Data inaccessible by API
52,XRP,XRP,xrp,1681,2013-08-04T00:00:00.000Z,"['medium-of-exchange', 'enterprise-solutions', 'xrp-ecosystem', 'arrington-xrp-capital-portfolio', 'galaxy-digital-portfolio', 'a16z-portfolio', 'pantera-capital-portfolio', 'ftx-bankruptcy-estate', '2017-2018-alt-season', 'klaytn-ecosystem', 'made-in-america', 'us-strategic-crypto-reserve', 'binance-ecosystem', 'binance-listing']",100000000000.0,59482264023.0,99985819185.0,False,Data inaccessible by API,3.0,Data inaccessible by API,Data inaccessible by API,Data inaccessible by API,2025-08-25T19:48:00.000Z,2.911957262493245,7036866039.993619,34.9913,-1.41942773,-4.40398499,-5.1638482,-8.72839306,36.48765583,24.41549583,173209810711.31552,4.5277,291195726249.32,Data inaccessible by API,2025-08-25T19:48:00.000Z,Data inaccessible by API,Data inaccessible by API,Data inaccessible by API,Data inaccessible by API,Data inaccessible by API,2025-08-26 01:18:36.929300,Data inaccessible by API
825,Tether USDt,USDT,tether,142643,2015-02-25T00:00:00.000Z,"['stablecoin', 'asset-backed-stablecoin', 'usd-stablecoin', 'ethereum-pow-ecosystem', 'fiat-stablecoin', 'tron20-ecosystem', 'rsk-rbtc-ecosystem', 'world-liberty-financial-portfolio', 'binance-ecosystem', 'binance-listing', 'peaq-ecosystem', 'apertum-ecosystem', 'etherlink-ecosystem', 'duckchain-ecosystem', 'onus-ecosystem', 'zedxion-smart-chain-ecosystem']",Data inaccessible by API,167150540379.7628,169734252948.3468,True,Data inaccessible by API,4.0,Data inaccessible by API,Data inaccessible by API,Data inaccessible by API,2025-08-25T19:46:00.000Z,0.9998614414444128,164246285642.94125,38.5563,-0.00695054,-0.11421905,-0.05437736,-0.05002651,-0.03769099,-0.04381783,167127380242.32214,4.3644,169710734815.42,Data inaccessible by API,2025-08-25T19:46:00.000Z,1027.0,Ethereum,ETH,ethereum,0xdac17f958d2ee523a2206206994597c13d831ec7,2025-08-26 01:18:36.929300,Data inaccessible by API
1839,BNB,BNB,bnb,2679,2017-07-25T00:00:00.000Z,"['marketplace', 'centralized-exchange', 'payments', 'smart-contracts', 'alameda-research-portfolio', 'multicoin-capital-portfolio', 'bnb-chain-ecosystem', 'layer-1', 'alleged-sec-securities', 'celsius-bankruptcy-estate', 'binance-ecosystem', 'binance-listing']",Data inaccessible by API,139287299.18,139287299.18,False,Data inaccessible by API,5.0,Data inaccessible by API,Data inaccessible by API,Data inaccessible by API,2025-08-25T19:47:00.000Z,859.8977007944792,3148082852.164619,20.2079,-0.59356478,-1.0510316,1.91889127,9.65785051,33.17354781,24.47568399,119772828314.75476,3.1308,119772828314.75,Data inaccessible by API,2025-08-25T19:47:00.000Z,Data inaccessible by API,Data inaccessible by API,Data inaccessible by API,Data inaccessible by API,Data inaccessible by API,2025-08-26 01:18:36.929300,Data inaccessible by API
5426,Solana,SOL,solana,974,2020-04-10T00:00:00.000Z,"['pos', 'platform', 'solana-ecosystem', 'cms-holdings-portfolio', 'kenetic-capital-portfolio', 'alameda-research-portfolio', 'multicoin-capital-portfolio', 'okx-ventures-portfolio', 'layer-1', 'ftx-bankruptcy-estate', 'alleged-sec-securities', 'cmc-crypto-awards-2024', 'made-in-america', 'us-strategic-crypto-reserve', 'binance-ecosystem', 'binance-listing']",Data inaccessible by API,540560920.3036195,608331441.6387947,True,Data inaccessible by API,6.0,525236893.3,101086401602.17316,Data inaccessible by API,2025-08-25T19:46:00.000Z,192.45868462715845,13115082981.783943,40.2783,-2.15402562,-6.54716171,4.90135441,3.26587573,35.05355812,7.99219018,104035643682.48083,2.7168,117078669075.15,Data inaccessible by API,2025-08-25T19:46:00.000Z,Data inaccessible by API,Data inaccessible by API,Data inaccessible by API,Data inaccessible by API,Data inaccessible by API,2025-08-26 01:18:36.929300,Data inaccessible by API
3408,USDC,USDC,usd-coin,30824,2018-10-08T00:00:00.000Z,"['medium-of-exchange', 'stablecoin', 'asset-backed-stablecoin', 'coinbase-ventures-portfolio', 'usd-stablecoin', 'ethereum-pow-ecosystem', 'fiat-stablecoin', 'tron20-ecosystem', 'made-in-america', 'world-liberty-financial-portfolio', 'sonic-ecosystem', 'binance-ecosystem', 'binance-listing', 'etherlink-ecosystem', 'unichain-ecosystem', 'vector-smart-chain-ecosystem']",Data inaccessible by API,67679972783.31463,67679972783.31463,False,Data inaccessible by API,7.0,60901219650.23,60904320520.909874,Data inaccessible by API,2025-08-25T19:47:00.000Z,1.000050916397039,22363365754.85148,51.121,0.02515243,0.01102604,0.01157405,0.01734003,0.02447584,0.02517953,67683418803.68045,1.7692,67683418803.68,Data inaccessible by API,2025-08-25T19:47:00.000Z,1027.0,Ethereum,ETH,ethereum,0xa0b86991c6218b36c1d19d4a2e9eb0ce3606eb48,2025-08-26 01:18:36.929300,Data inaccessible by API
1958,TRON,TRX,tron,1216,2017-09-13T00:00:00.000Z,"['media', 'payments', 'tron-ecosystem', 'layer-1', 'dwf-labs-portfolio', 'alleged-sec-securities', '2017-2018-alt-season', 'tron20-ecosystem', 'world-liberty-financial-portfolio', 'binance-ecosystem', 'binance-listing']",Data inaccessible by API,94665991085.00491,94665915951.5082,True,Data inaccessible by API,8.0,71659659264.0,24893994490.16456,Data inaccessible by API,2025-08-25T19:48:00.000Z,0.34739202985117557,1794523570.6185112,93.1144,-1.02043975,-4.80062928,-0.59568704,8.83998603,28.00714207,25.88763516,32886210800.893147,0.8596,32886184700.12,Data inaccessible by API,2025-08-25T19:48:00.000Z,Data inaccessible by API,Data inaccessible by API,Data inaccessible by API,Data inaccessible by API,Data inaccessible by API,2025-08-26 01:18:36.929300,Data inaccessible by API
74,Dogecoin,DOGE,dogecoin,1276,2013-12-15T00:00:00.000Z,"['mineable', 'pow', 'scrypt', 'medium-of-exchange', 'memes', 'payments', 'doggone-doggerel', 'osmosis-ecosystem', 'ftx-bankruptcy-estate', 'animal-memes', 'made-in-america', 'binance-ecosystem', 'binance-listing']",Data inaccessible by API,150668586383.7052,150668586383.7052,True,Data inaccessible by API,9.0,Data inaccessible by API,Data inaccessible by API,Data inaccessible by API,2025-08-25T19:47:00.000Z,0.21526513854257343,3550807853.58105,40.0552,-1.15828554,-8.40776612,-3.68984587,-9.7763023,33.63894435,-5.44379747,32433694121.901997,0.8478,32433694121.9,Data inaccessible by API,2025-08-25T19:47:00.000Z,Data inaccessible by API,Data inaccessible by API,Data inaccessible by API,Data inaccessible by API,Data inaccessible by API,2025-08-26 01:18:36.929300,Data inaccessible by API
2010,Cardano,ADA,cardano,1567,2017-10-01T00:00:00.000Z,"['dpos', 'pos', 'platform', 'research', 'smart-contracts', 'staking', 'cardano-ecosystem', 'cardano', 'layer-1', 'alleged-sec-securities', '2017-2018-alt-season', 'made-in-america', 'us-strategic-crypto-reserve', 'binance-ecosystem', 'binance-listing']",45000000000.0,35724891762.85982,44994674679.3984,False,Data inaccessible by API,10.0,37997904336.0,32631594207.48505,Data inaccessible by API,2025-08-25T19:47:00.000Z,0.8587735239011379,2524007805.156259,50.3787,-1.30546588,-7.25129345,-6.50369734,3.60663803,54.18374537,12.27998054,30679591190.17786,0.802,38644808575.55,Data inaccessible by API,2025-08-25T19:47:00.000Z,Data inaccessible by API,Data inaccessible by API,Data inaccessible by API,Data inaccessible by API,Data inaccessible by API,2025-08-26 01:18:36.929300,Data inaccessible by API
1975,Chainlink,LINK,chainlink,2069,2017-09-20T00:00:00.000Z,"['platform', 'defi', 'interoperability', 'oracles', 'smart-contracts', 'ethereum-ecosystem', 'polkadot', 'heco-ecosystem', 'avalanche-ecosystem', 'solana-ecosystem', 'framework-ventures-portfolio', 'polygon-ecosystem', 'fantom-ecosystem', 'cardano-ecosystem', 'terra-ecosystem', 'web3', 'near-protocol-ecosystem', 'arbitrum-ecosystem', 'cross-chain', 'cardano', 'injective-ecosystem', 'bnb-chain-ecosystem', 'optimism-ecosystem', 'real-world-assets-protocols', 'gnosis-chain-ecosystem', 'sora-ecosystem', 'hoo-smart-chain-ecosystem', 'milkomeda-ecosystem', 'energi-ecosystem', 'made-in-america', 'world-liberty-financial-portfolio', 'binance-ecosystem', 'binance-listing', 'robotics']",1000000000.0,678099970.4527867,1000000000.0,False,Data inaccessible by API,11.0,Data inaccessible by API,Data inaccessible by API,Data inaccessible by API,2025-08-25T19:48:00.000Z,23.892316641390682,2111057798.142604,49.5379,-1.437007,-8.1204746,-5.98769327,28.87427197,81.84382647,49.87846278,16201379208.575644,0.4235,23892316641.39,Data inaccessible by API,2025-08-25T19:48:00.000Z,1027.0,Ethereum,ETH,ethereum,0x514910771af9ca656af840dff83e8264ecf986ca,2025-08-26 01:18:36.929300,Data inaccessible by API
32196,Hyperliquid,HYPE,hyperliquid,135,2024-07-15T10:14:50.000Z,"['decentralized-exchange-dex-token', 'defi', 'derivatives', 'layer-1', 'hyperliquid-ecosystem', 'binance-ecosystem', 'binance-listing']",1000000000.0,333928180.0,999993930.0,False,Data inaccessible by API,12.0,333931719.0,14694910230.081833,Data inaccessible by API,2025-08-25T19:48:00.000Z,44.00573348973127,348982340.74272776,100.0559,-2.85105096,-4.09740133,0.93132788,-0.12285526,19.85281076,18.14836281,14694754493.791012,0.3841,44005733489.73,Data inaccessible by API,2025-08-25T19:48:00.000Z,32196.0,Hyperliquid,HYPE,hyperliquid,0x0d01dc56dcaaca66ad901c959b4011ec,2025-08-26 01:18:36.929300,Data inaccessible by API
512,Stellar,XLM,stellar,741,2014-08-05T00:00:00.000Z,"['medium-of-exchange', 'enterprise-solutions', 'decentralized-exchange-dex-token', 'defi', 'smart-contracts', 'hashkey-capital-portfolio', 'real-world-assets-protocols', '2017-2018-alt-season', 'made-in-america', 'binance-ecosystem', 'binance-listing']",50001806812.0,31351096524.67707,50001786889.0645,False,Data inaccessible by API,13.0,31531408660.0,12254206963.581638,Data inaccessible by API,2025-08-25T19:47:00.000Z,0.38863493527097115,363145456.447557,40.5929,-0.9473461,-5.87309717,-6.30528624,-11.94000773,63.94847405,34.30534735,12184131368.541842,0.3185,19432448953.81,Data inaccessible by API,2025-08-25T19:47:00.000Z,Data inaccessible by API,Data inaccessible by API,Data inaccessible by API,Data inaccessible by API,Data inaccessible by API,2025-08-26 01:18:36.929300,Data inaccessible by API
29470,Ethena USDe,USDe,ethena-usde,200,2024-02-20T11:05:01.000Z,"['stablecoin', 'asset-backed-stablecoin', 'binance-labs-portfolio', 'dragonfly-capital-portfolio', 'usd-stablecoin', 'eigenlayer-ecosystem', 'binance-ecosystem']",Data inaccessible by API,12106352750.674414,12106352750.674414,True,Data inaccessible by API,14.0,Data inaccessible by API,Data inaccessible by API,Data inaccessible by API,2025-08-25T19:47:00.000Z,1.0006692955919128,290856023.7538091,52.4284,0.00747004,0.02447299,-0.04712903,-0.05615803,0.07778976,-0.00741027,12114455479.20458,0.3167,12114455479.2,Data inaccessible by API,2025-08-25T19:47:00.000Z,1027.0,Ethereum,ETH,ethereum,0x4c9edd5852cd905f086c759e8383e09bff1e68b3,2025-08-26 01:18:36.929300,Data inaccessible by API
20947,Sui,SUI,sui,750,2022-07-12T08:03:11.000Z,"['binance-launchpool', 'coinbase-ventures-portfolio', 'binance-labs-portfolio', 'electric-capital-portfolio', 'a16z-portfolio', 'sui-ecosystem', 'layer-1', 'move-vm', 'cmc-crypto-yearbook-2024-2025', 'made-in-america', 'world-liberty-financial-portfolio', 'binance-ecosystem', 'binance-listing']",10000000000.0,3511924479.5699987,10000000000.0,False,Data inaccessible by API,15.0,3511924479.57,11955675720.087538,Data inaccessible by API,2025-08-25T19:48:00.000Z,3.4043088880861667,1810670558.6310527,40.569,-1.26803104,-8.18592513,-5.99821823,-19.08813346,30.25249222,-8.19866139,11955675720.087532,0.3125,34043088880.86,Data inaccessible by API,2025-08-25T19:48:00.000Z,Data inaccessible by API,Data inaccessible by API,Data inaccessible by API,Data inaccessible by API,Data inaccessible by API,2025-08-26 01:18:36.929300,Data inaccessible by API
